-0.485
-0.46
-0.45
-0.415
-0.365
-0.305
-0.25
-0.185
-0.17
-0.165
-0.165
-0.17
-0.175
-0.245
-0.46
-0.735
-0.94
-1.11
-1.17
-1.2
-1.2
-1.175
-1.055
-0.9
-0.75
-0.62
-0.555
-0.52
-0.515
-0.525
-0.53
-0.505
-0.52
-0.525
-0.49
-0.485
-0.505
-0.52
-0.525
-0.505
-0.505
-0.5
-0.495
-0.495
-0.47
-0.48
-0.47
-0.48
-0.46
-0.465
-0.48
-0.47
-0.45
-0.465
-0.47
-0.45
-0.435
-0.45
-0.47
-0.44
-0.43
-0.42
-0.41
-0.415
-0.42
-0.395
-0.405
-0.41
-0.39
-0.37
-0.385
-0.405
-0.38
-0.37
-0.395
-0.38
-0.37
-0.385
-0.395
-0.44
-0.455
-0.475
-0.475
-0.49
-0.5
-0.505
-0.485
-0.5
-0.51
-0.535
-0.525
-0.52
-0.525
-0.52
-0.515
-0.525
-0.545
-0.525
-0.515
-0.535
-0.54
-0.545
-0.535
-0.54
-0.545
-0.54
-0.555
-0.55
-0.56
-0.53
-0.55
-0.54
-0.54
-0.545
-0.555
-0.57
-0.575
-0.56
-0.555
-0.555
-0.535
-0.515
-0.51
-0.52
-0.5
-0.5
-0.45
-0.405
-0.375
-0.34
-0.365
-0.36
-0.375
-0.415
-0.45
-0.46
-0.475
-0.515
-0.55
-0.55
-0.585
-0.61
-0.63
-0.66
-0.64
-0.65
-0.66
-0.65
-0.64
-0.645
-0.66
-0.64
-0.65
-0.665
-0.675
-0.68
-0.69
-0.685
-0.665
-0.67
-0.64
-0.605
-0.545
-0.485
-0.43
-0.38
-0.365
-0.37
-0.36
-0.365
-0.385
-0.585
-0.85
-1.095
-1.24
-1.37
-1.435
-1.415
-1.395
-1.285
-1.12
-0.935
-0.785
-0.71
-0.675
-0.685
-0.69
-0.7
-0.685
-0.69
-0.695
-0.69
-0.675
-0.675
-0.665
-0.655
-0.66
-0.645
-0.64
-0.64
-0.67
-0.67
-0.66
-0.66
-0.64
-0.615
-0.615
-0.61
-0.625
-0.63
-0.625
-0.615
-0.61
-0.615
-0.595
-0.585
-0.585
-0.58
-0.59
-0.59
-0.59
-0.59
-0.56
-0.56
-0.535
-0.535
-0.515
-0.52
-0.53
-0.54
-0.54
-0.54
-0.56
-0.555
-0.585
-0.59
-0.615
-0.625
-0.665
-0.685
-0.69
-0.685
-0.67
-0.68
-0.695
-0.695
-0.7
-0.7
-0.71
-0.71
-0.685
-0.695
-0.68
-0.695
-0.7
-0.675
-0.715
-0.715
-0.71
-0.705
-0.705
-0.705
-0.7
-0.7
-0.695
-0.725
-0.725
-0.71
-0.71
-0.7
-0.7
-0.69
-0.72
-0.725
-0.725
-0.71
-0.695
-0.68
-0.655
-0.66
-0.635
-0.625
-0.59
-0.545
-0.53
-0.545
-0.535
-0.52
-0.515
-0.53
-0.56
-0.59
-0.635
-0.64
-0.675
-0.695
-0.72
-0.735
-0.755
-0.775
-0.75
-0.755
-0.765
-0.76
-0.765
-0.765
-0.77
-0.765
-0.75
-0.765
-0.78
-0.775
-0.765
-0.785
-0.79
-0.745
-0.71
-0.655
-0.615
-0.57
-0.525
-0.495
-0.47
-0.48
-0.485
-0.5
-0.68
-0.955
-1.2
-1.35
-1.505
-1.57
-1.565
-1.51
-1.385
-1.19
-0.98
-0.83
-0.78
-0.78
-0.8
-0.78
-0.78
-0.76
-0.765
-0.75
-0.75
-0.77
-0.76
-0.74
-0.745
-0.74
-0.73
-0.72
-0.735
-0.74
-0.73
-0.705
-0.715
-0.715
-0.715
-0.7
-0.69
-0.675
-0.675
-0.68
-0.665
-0.675
-0.64
-0.635
-0.645
-0.645
-0.65
-0.615
-0.64
-0.625
-0.615
-0.615
-0.605
-0.625
-0.6
-0.59
-0.595
-0.585
-0.605
-0.62
-0.625
-0.63
-0.66
-0.675
-0.685
-0.69
-0.705
-0.705
-0.73
-0.735
-0.74
-0.72
-0.725
-0.745
-0.75
-0.745
-0.765
-0.76
-0.755
-0.74
-0.75
-0.765
-0.735
-0.73
-0.72
-0.75
-0.755
-0.74
-0.725
-0.725
-0.735
-0.74
-0.745
-0.74
-0.735
-0.725
-0.745
-0.745
-0.725
-0.73
-0.725
-0.72
-0.725
-0.705
-0.705
-0.705
-0.69
-0.685
-0.645
-0.595
-0.575
-0.55
-0.555
-0.545
-0.535
-0.54
-0.545
-0.58
-0.61
-0.61
-0.67
-0.7
-0.73
-0.775
-0.78
-0.755
-0.74
-0.775
-0.78
-0.78
-0.775
-0.79
-0.8
-0.795
-0.795
-0.77
-0.78
-0.78
-0.77
-0.795
-0.805
-0.81
-0.775
-0.73
-0.67
-0.615
-0.545
-0.51
-0.51
-0.51
-0.53
-0.54
-0.585
-0.85
-1.115
-1.285
-1.45
-1.565
-1.59
-1.56
-1.48
-1.32
-1.11
-0.94
-0.855
-0.82
-0.805
-0.82
-0.815
-0.795
-0.805
-0.81
-0.79
-0.77
-0.77
-0.775
-0.785
-0.775
-0.77
-0.78
-0.77
-0.765
-0.76
-0.76
-0.75
-0.755
-0.745
-0.735
-0.745
-0.725
-0.73
-0.72
-0.72
-0.72
-0.705
-0.7
-0.7
-0.66
-0.65
-0.655
-0.66
-0.645
-0.64
-0.64
-0.64
-0.64
-0.615
-0.595
-0.61
-0.63
-0.63
-0.64
-0.645
-0.66
-0.69
-0.685
-0.71
-0.72
-0.755
-0.765
-0.765
-0.76
-0.77
-0.78
-0.795
-0.78
-0.765
-0.775
-0.78
-0.765
-0.78
-0.765
-0.78
-0.77
-0.77
-0.76
-0.785
-0.77
-0.785
-0.785
-0.805
-0.785
-0.775
-0.795
-0.78
-0.78
-0.78
-0.78
-0.78
-0.8
-0.805
-0.78
-0.79
-0.78
-0.79
-0.785
-0.79
-0.76
-0.77
-0.76
-0.74
-0.735
-0.73
-0.725
-0.685
-0.64
-0.605
-0.585
-0.555
-0.565
-0.555
-0.545
-0.58
-0.61
-0.615
-0.64
-0.68
-0.72
-0.745
-0.765
-0.78
-0.81
-0.775
-0.785
-0.805
-0.82
-0.8
-0.8
-0.81
-0.825
-0.81
-0.815
-0.82
-0.805
-0.815
-0.81
-0.795
-0.785
-0.79
-0.77
-0.695
-0.635
-0.575
-0.55
-0.54
-0.53
-0.525
-0.525
-0.565
-0.735
-1.015
-1.22
-1.39
-1.51
-1.575
-1.59
-1.495
-1.365
-1.17
-0.995
-0.875
-0.81
-0.82
-0.82
-0.82
-0.805
-0.8
-0.82
-0.815
-0.82
-0.805
-0.815
-0.81
-0.795
-0.775
-0.78
-0.78
-0.785
-0.785
-0.78
-0.77
-0.765
-0.735
-0.735
-0.73
-0.73
-0.725
-0.71
-0.715
-0.705
-0.7
-0.67
-0.685
-0.67
-0.66
-0.66
-0.655
-0.64
-0.64
-0.64
-0.635
-0.625
-0.61
-0.595
-0.605
-0.61
-0.61
-0.605
-0.61
-0.61
-0.615
-0.63
-0.64
-0.665
-0.69
-0.69
-0.72
-0.7
-0.705
-0.73
-0.71
-0.715
-0.73
-0.725
-0.73
-0.74
-0.765
-0.745
-0.735
-0.72
-0.745
-0.75
-0.755
-0.755
-0.735
-0.74
-0.75
-0.735
-0.725
-0.74
-0.755
-0.745
-0.76
-0.765
-0.74
-0.74
-0.74
-0.75
-0.75
-0.745
-0.755
-0.74
-0.735
-0.72
-0.715
-0.69
-0.685
-0.68
-0.655
-0.625
-0.59
-0.56
-0.535
-0.5
-0.5
-0.525
-0.52
-0.55
-0.6
-0.61
-0.625
-0.655
-0.685
-0.705
-0.715
-0.74
-0.75
-0.74
-0.76
-0.76
-0.765
-0.765
-0.75
-0.75
-0.745
-0.755
-0.76
-0.76
-0.77
-0.77
-0.755
-0.755
-0.745
-0.74
-0.69
-0.64
-0.58
-0.54
-0.48
-0.445
-0.44
-0.425
-0.445
-0.49
-0.66
-0.915
-1.115
-1.275
-1.38
-1.44
-1.42
-1.345
-1.27
-1.125
-0.995
-0.855
-0.77
-0.76
-0.755
-0.74
-0.765
-0.745
-0.755
-0.735
-0.745
-0.73
-0.745
-0.75
-0.72
-0.715
-0.715
-0.72
-0.71
-0.7
-0.72
-0.715
-0.7
-0.665
-0.69
-0.7
-0.67
-0.66
-0.69
-0.665
-0.665
-0.67
-0.66
-0.635
-0.635
-0.61
-0.6
-0.595
-0.58
-0.595
-0.58
-0.565
-0.56
-0.55
-0.55
-0.55
-0.54
-0.535
-0.54
-0.535
-0.54
-0.555
-0.58
-0.565
-0.58
-0.59
-0.615
-0.64
-0.64
-0.66
-0.64
-0.64
-0.65
-0.665
-0.665
-0.675
-0.66
-0.685
-0.685
-0.69
-0.64
-0.655
-0.66
-0.695
-0.675
-0.675
-0.685
-0.67
-0.69
-0.68
-0.675
-0.675
-0.67
-0.67
-0.675
-0.69
-0.66
-0.655
-0.655
-0.66
-0.66
-0.66
-0.665
-0.655
-0.66
-0.645
-0.645
-0.62
-0.615
-0.62
-0.59
-0.57
-0.52
-0.5
-0.485
-0.48
-0.48
-0.475
-0.475
-0.515
-0.55
-0.545
-0.58
-0.61
-0.625
-0.64
-0.66
-0.685
-0.685
-0.695
-0.71
-0.705
-0.705
-0.705
-0.7
-0.695
-0.705
-0.7
-0.705
-0.69
-0.71
-0.71
-0.715
-0.715
-0.695
-0.66
-0.615
-0.565
-0.525
-0.485
-0.45
-0.42
-0.41
-0.41
-0.415
-0.5
-0.71
-0.945
-1.13
-1.285
-1.395
-1.42
-1.395
-1.325
-1.195
-1.045
-0.885
-0.775
-0.735
-0.72
-0.73
-0.72
-0.725
-0.71
-0.705
-0.7
-0.675
-0.695
-0.71
-0.7
-0.685
-0.67
-0.66
-0.68
-0.685
-0.675
-0.665
-0.67
-0.675
-0.655
-0.645
-0.65
-0.63
-0.64
-0.625
-0.625
-0.605
-0.595
-0.615
-0.605
-0.585
-0.565
-0.6
-0.59
-0.565
-0.56
-0.54
-0.555
-0.555
-0.545
-0.54
-0.51
-0.51
-0.53
-0.51
-0.53
-0.535
-0.53
-0.54
-0.57
-0.58
-0.6
-0.61
-0.6
-0.615
-0.635
-0.64
-0.635
-0.645
-0.625
-0.635
-0.64
-0.64
-0.65
-0.65
-0.655
-0.655
-0.635
-0.635
-0.66
-0.665
-0.65
-0.64
-0.665
-0.65
-0.645
-0.64
-0.65
-0.64
-0.625
-0.64
-0.635
-0.64
-0.645
-0.65
-0.64
-0.64
-0.635
-0.635
-0.63
-0.625
-0.625
-0.615
-0.605
-0.6
-0.585
-0.575
-0.54
-0.535
-0.49
-0.46
-0.44
-0.44
-0.42
-0.425
-0.41
-0.43
-0.45
-0.445
-0.5
-0.525
-0.555
-0.565
-0.6
-0.62
-0.6
-0.63
-0.625
-0.64
-0.64
-0.64
-0.64
-0.635
-0.64
-0.64
-0.635
-0.63
-0.63
-0.62
-0.62
-0.62
-0.63
-0.625
-0.6
-0.575
-0.51
-0.455
-0.4
-0.365
-0.34
-0.33
-0.32
-0.315
-0.315
-0.385
-0.595
-0.845
-1.03
-1.22
-1.34
-1.37
-1.345
-1.295
-1.185
-1.005
-0.81
-0.675
-0.61
-0.615
-0.61
-0.605
-0.61
-0.58
-0.575
-0.57
-0.575
-0.58
-0.565
-0.575
-0.585
-0.585
-0.57
-0.565
-0.545
-0.54
-0.545
-0.535
-0.53
-0.55
-0.535
-0.51
-0.505
-0.505
-0.5
-0.48
-0.475
-0.465
-0.475
-0.475
-0.49
-0.46
-0.445
-0.46
-0.425
-0.425
-0.42
-0.42
-0.41
-0.41
-0.4
-0.395
-0.39
-0.375
-0.38
-0.38
-0.385
-0.39
-0.4
-0.405
-0.405
-0.44
-0.45
-0.45
-0.48
-0.48
-0.495
-0.49
-0.495
-0.495
-0.49
-0.49
-0.495
-0.485
-0.5
-0.505
-0.495
-0.52
-0.51
-0.505
-0.485
-0.485
-0.495
-0.495
-0.49
-0.51
-0.495
-0.495
-0.495
-0.48
-0.495
-0.515
-0.485
-0.495
-0.485
-0.51
-0.5
-0.5
-0.485
-0.515
-0.495
-0.505
-0.5
-0.49
-0.5
-0.49
-0.45
-0.45
-0.43
-0.44
-0.405
-0.41
-0.38
-0.35
-0.32
-0.32
-0.32
-0.31
-0.305
-0.315
-0.325
-0.37
-0.405
-0.425
-0.43
-0.48
-0.495
-0.515
-0.51
-0.52
-0.525
-0.525
-0.54
-0.525
-0.545
-0.53
-0.52
-0.52
-0.525
-0.535
-0.535
-0.54
-0.56
-0.555
-0.545
-0.525
-0.54
-0.505
-0.45
-0.37
-0.315
-0.275
-0.245
-0.25
-0.26
-0.275
-0.255
-0.28
-0.395
-0.645
-0.885
-1.065
-1.18
-1.275
-1.255
-1.2
-1.1
-0.96
-0.78
-0.64
-0.565
-0.53
-0.52
-0.515
-0.525
-0.525
-0.505
-0.495
-0.495
-0.5
-0.505
-0.49
-0.495
-0.49
-0.5
-0.48
-0.47
-0.48
-0.49
-0.48
-0.48
-0.47
-0.47
-0.46
-0.45
-0.45
-0.46
-0.445
-0.425
-0.42
-0.425
-0.42
-0.405
-0.395
-0.375
-0.375
-0.37
-0.355
-0.36
-0.355
-0.345
-0.345
-0.325
-0.32
-0.315
-0.285
-0.295
-0.285
-0.295
-0.305
-0.32
-0.33
-0.345
-0.36
-0.365
-0.38
-0.39
-0.405
-0.43
-0.435
-0.44
-0.425
-0.415
-0.42
-0.44
-0.435
-0.425
-0.46
-0.445
-0.445
-0.43
-0.42
-0.445
-0.405
-0.42
-0.415
-0.435
-0.43
-0.44
-0.435
-0.415
-0.415
-0.435
-0.445
-0.435
-0.45
-0.44
-0.435
-0.42
-0.42
-0.42
-0.425
-0.42
-0.415
-0.415
-0.41
-0.405
-0.405
-0.36
-0.315
-0.285
-0.255
-0.24
-0.23
-0.23
-0.24
-0.24
-0.24
-0.26
-0.295
-0.32
-0.34
-0.375
-0.4
-0.42
-0.43
-0.455
-0.46
-0.47
-0.455
-0.455
-0.47
-0.465
-0.48
-0.455
-0.465
-0.485
-0.475
-0.47
-0.495
-0.5
-0.48
-0.475
-0.485
-0.455
-0.385
-0.335
-0.26
-0.195
-0.17
-0.155
-0.14
-0.16
-0.16
-0.23
-0.44
-0.72
-0.905
-1.08
-1.17
-1.2
-1.155
-1.085
-0.995
-0.81
-0.65
-0.56
-0.51
-0.5
-0.505
-0.51
-0.525
-0.485
-0.49
-0.5
-0.505
-0.495
-0.495
-0.475
-0.475
-0.475
-0.48
-0.485
-0.48
-0.475
-0.45
-0.44
-0.44
-0.46
-0.445
-0.445
-0.465
-0.425
-0.42
-0.42
-0.415
-0.425
-0.405
-0.435
-0.405
-0.41
-0.41
-0.4
-0.36
-0.375
-0.365
-0.36
-0.36
-0.36
-0.355
-0.355
-0.33
-0.32
-0.32
-0.34
-0.355
-0.365
-0.375
-0.4
-0.415
-0.415
-0.44
-0.45
-0.44
-0.47
-0.49
-0.51
-0.515
-0.515
-0.505
-0.48
-0.48
-0.48
-0.48
-0.48
-0.48
-0.48
-0.515
-0.52
-0.5
-0.495
-0.47
-0.48
-0.5
-0.485
-0.5
-0.515
-0.495
-0.515
-0.49
-0.5
-0.5
-0.485
-0.495
-0.525
-0.5
-0.505
-0.48
-0.485
-0.445
-0.46
-0.46
-0.45
-0.445
-0.405
-0.385
-0.345
-0.335
-0.325
-0.3
-0.32
-0.315
-0.35
-0.385
-0.4
-0.43
-0.45
-0.46
-0.48
-0.5
-0.52
-0.555
-0.555
-0.55
-0.555
-0.565
-0.565
-0.57
-0.56
-0.57
-0.58
-0.575
-0.58
-0.575
-0.56
-0.555
-0.555
-0.57
-0.525
-0.455
-0.42
-0.36
-0.315
-0.275
-0.265
-0.285
-0.27
-0.27
-0.39
-0.64
-0.9
-1.07
-1.22
-1.305
-1.335
-1.265
-1.165
-1.03
-0.815
-0.66
-0.55
-0.54
-0.54
-0.545
-0.535
-0.545
-0.54
-0.525
-0.53
-0.52
-0.515
-0.54
-0.515
-0.515
-0.53
-0.51
-0.505
-0.525
-0.51
-0.485
-0.475
-0.49
-0.485
-0.47
-0.46
-0.48
-0.45
-0.45
-0.43
-0.425
-0.42
-0.405
-0.415
-0.405
-0.4
-0.41
-0.395
-0.385
-0.385
-0.38
-0.36
-0.385
-0.375
-0.365
-0.345
-0.35
-0.35
-0.365
-0.36
-0.375
-0.38
-0.42
-0.435
-0.48
-0.48
-0.485
-0.485
-0.475
-0.49
-0.495
-0.495
-0.51
-0.51
-0.505
-0.495
-0.51
-0.495
-0.505
-0.515
-0.505
-0.49
-0.49
-0.515
-0.515
-0.52
-0.51
-0.51
-0.5
-0.48
-0.49
-0.515
-0.505
-0.5
-0.515
-0.5
-0.49
-0.505
-0.49
-0.5
-0.475
-0.47
-0.45
-0.425
-0.42
-0.415
-0.455
-0.505
-0.48
-0.425
-0.3
-0.185
-0.105
-0.115
-0.12
-0.005
0.16
0.33
0.44
0.33
0.065
-0.185
-0.37
-0.52
-0.625
-0.63
-0.605
-0.565
-0.58
-0.565
-0.58
-0.58
-0.57
-0.56
-0.57
-0.59
-0.59
-0.6
-0.61
-0.6
-0.6
-0.6
-0.575
-0.595
-0.61
-0.61
-0.615
-0.63
-0.635
-0.615
-0.6
-0.62
-0.62
-0.64
-0.64
-0.64
-0.66
-0.64
-0.67
-0.655
-0.675
-0.675
-0.68
-0.685
-0.695
-0.7
-0.69
-0.68
-0.715
-0.66
-0.65
-0.615
-0.605
-0.59
-0.555
-0.53
-0.505
-0.475
-0.46
-0.44
-0.455
-0.45
-0.44
-0.46
-0.45
-0.475
-0.455
-0.45
-0.465
-0.46
-0.445
-0.455
-0.46
-0.49
-0.48
-0.485
-0.455
-0.455
-0.455
-0.47
-0.46
-0.465
-0.47
-0.485
-0.455
-0.445
-0.46
-0.455
-0.455
-0.465
-0.47
-0.46
-0.455
-0.47
-0.47
-0.47
-0.495
-0.465
-0.46
-0.48
-0.465
-0.47
-0.455
-0.455
-0.455
-0.455
-0.475
-0.435
-0.47
-0.445
-0.455
-0.45
-0.445
-0.455
-0.445
-0.43
-0.465
-0.455
-0.465
-0.45
-0.45
-0.46
-0.44
-0.44
-0.455
-0.46
-0.48
-0.485
-0.47
-0.46
-0.45
-0.45
-0.45
-0.46
-0.455
-0.445
-0.465
-0.47
-0.475
-0.47
-0.445
-0.445
-0.435
-0.415
-0.43
-0.42
-0.395
-0.355
-0.32
-0.285
-0.27
-0.265
-0.26
-0.295
-0.315
-0.325
-0.34
-0.37
-0.395
-0.415
-0.44
-0.47
-0.475
-0.49
-0.485
-0.48
-0.475
-0.49
-0.495
-0.485
-0.475
-0.475
-0.465
-0.48
-0.495
-0.47
-0.485
-0.48
-0.465
-0.45
-0.4
-0.375
-0.32
-0.26
-0.21
-0.185
-0.18
-0.165
-0.15
-0.175
-0.3
-0.565
-0.8
-0.94
-1.045
-1.065
-1.065
-1.025
-0.935
-0.795
-0.66
-0.55
-0.515
-0.495
-0.48
-0.47
-0.465
-0.49
-0.475
-0.49
-0.485
-0.475
-0.45
-0.455
-0.44
-0.425
-0.45
-0.445
-0.43
-0.44
-0.425
-0.43
-0.415
-0.41
-0.38
-0.395
-0.38
-0.395
-0.39
-0.39
-0.4
-0.375
-0.37
-0.34
-0.365
-0.36
-0.345
-0.34
-0.34
-0.335
-0.315
-0.32
-0.31
-0.295
-0.28
-0.27
-0.295
-0.28
-0.265
-0.28
-0.28
-0.28
-0.27
-0.275
-0.285
-0.305
-0.315
-0.34
-0.32
-0.34
-0.355
-0.35
-0.35
-0.365
-0.365
-0.365
-0.37
-0.37
-0.355
-0.385
-0.4
-0.395
-0.38
-0.375
-0.39
-0.375
-0.395
-0.38
-0.37
-0.36
-0.385
-0.37
-0.365
-0.37
-0.37
-0.38
-0.35
-0.37
-0.365
-0.345
-0.34
-0.35
-0.35
-0.32
-0.32
-0.32
-0.3
-0.295
-0.285
-0.275
-0.25
-0.205
-0.18
-0.155
-0.165
-0.14
-0.15
-0.165
-0.195
-0.21
-0.24
-0.28
-0.275
-0.295
-0.33
-0.32
-0.35
-0.37
-0.39
-0.38
-0.365
-0.39
-0.395
-0.37
-0.385
-0.395
-0.405
-0.39
-0.4
-0.405
-0.4
-0.385
-0.4
-0.385
-0.365
-0.335
-0.3
-0.255
-0.215
-0.165
-0.145
-0.15
-0.15
-0.12
-0.15
-0.225
-0.43
-0.64
-0.82
-0.995
-1.075
-1.085
-1.075
-0.99
-0.865
-0.685
-0.53
-0.43
-0.39
-0.385
-0.365
-0.355
-0.36
-0.375
-0.34
-0.35
-0.365
-0.34
-0.355
-0.355
-0.345
-0.32
-0.325
-0.335
-0.33
-0.315
-0.32
-0.305
-0.29
-0.29
-0.28
-0.28
-0.28
-0.28
-0.275
-0.26
-0.26
-0.255
-0.25
-0.255
-0.23
-0.22
-0.2
-0.2
-0.195
-0.19
-0.18
-0.16
-0.145
-0.135
-0.15
-0.145
-0.14
-0.145
-0.15
-0.155
-0.175
-0.17
-0.2
-0.205
-0.22
-0.225
-0.245
-0.255
-0.265
-0.255
-0.25
-0.26
-0.255
-0.27
-0.275
-0.27
-0.28
-0.27
-0.285
-0.285
-0.28
-0.295
-0.27
-0.29
-0.275
-0.275
-0.285
-0.3
-0.295
-0.275
-0.255
-0.27
-0.265
-0.275
-0.255
-0.29
-0.28
-0.275
-0.28
-0.27
-0.285
-0.275
-0.27
-0.275
-0.29
-0.275
-0.28
-0.275
-0.27
-0.275
-0.26
-0.27
-0.26
-0.245
-0.24
-0.22
-0.2
-0.19
-0.175
-0.135
-0.095
-0.075
-0.065
-0.07
-0.05
-0.065
-0.08
-0.085
-0.12
-0.155
-0.16
-0.175
-0.19
-0.235
-0.26
-0.27
-0.28
-0.26
-0.28
-0.27
-0.275
-0.29
-0.28
-0.305
-0.27
-0.295
-0.28
-0.285
-0.285
-0.29
-0.295
-0.265
-0.275
-0.265
-0.245
-0.17
-0.14
-0.075
-0.02
-0.025
0
0
0
-0.03
-0.115
-0.32
-0.565
-0.695
-0.84
-0.925
-0.96
-0.93
-0.855
-0.755
-0.59
-0.43
-0.32
-0.275
-0.275
-0.275
-0.275
-0.26
-0.265
-0.25
-0.25
-0.225
-0.245
-0.245
-0.245
-0.235
-0.24
-0.25
-0.205
-0.2
-0.19
-0.2
-0.2
-0.21
-0.205
-0.185
-0.2
-0.185
-0.175
-0.17
-0.16
-0.16
-0.15
-0.14
-0.14
-0.135
-0.125
-0.125
-0.12
-0.11
-0.105
-0.085
-0.085
-0.1
-0.075
-0.095
-0.06
-0.065
-0.05
-0.05
-0.035
-0.08
-0.08
-0.075
-0.105
-0.115
-0.115
-0.135
-0.125
-0.15
-0.16
-0.165
-0.17
-0.2
-0.2
-0.2
-0.18
-0.175
-0.16
-0.18
-0.175
-0.18
-0.195
-0.18
-0.205
-0.2
-0.2
-0.21
-0.2
-0.195
-0.205
-0.215
-0.22
-0.22
-0.22
-0.21
-0.205
-0.195
-0.18
-0.2
-0.18
-0.22
-0.205
-0.175
-0.2
-0.2
-0.205
-0.165
-0.185
-0.165
-0.145
-0.14
-0.155
-0.115
-0.1
-0.08
-0.05
0
0.005
0.025
0.025
0.03
0
-0.005
-0.025
-0.06
-0.075
-0.12
-0.13
-0.16
-0.155
-0.18
-0.195
-0.205
-0.195
-0.19
-0.22
-0.2
-0.215
-0.205
-0.185
-0.185
-0.185
-0.17
-0.175
-0.16
-0.18
-0.175
-0.17
-0.17
-0.145
-0.1
-0.035
0.01
0.075
0.095
0.115
0.115
0.105
0.115
0.105
0.015
-0.22
-0.445
-0.615
-0.78
-0.905
-0.93
-0.915
-0.85
-0.735
-0.55
-0.36
-0.23
-0.17
-0.175
-0.17
-0.175
-0.18
-0.175
-0.18
-0.155
-0.14
-0.125
-0.1
-0.11
-0.13
-0.125
-0.13
-0.115
-0.115
-0.115
-0.08
-0.09
-0.08
-0.1
-0.065
-0.1
-0.08
-0.075
-0.075
-0.04
-0.025
-0.025
-0.02
-0.025
0
-0.015
-0.02
0.015
0.03
0.035
0.04
0.035
0.025
0.045
0.035
0.035
0.045
0.06
0.065
0.065
0.04
0.02
0.01
0
0
-0.035
-0.055
-0.06
-0.075
-0.08
-0.07
-0.06
-0.08
-0.1
-0.095
-0.1
-0.1
-0.11
-0.12
-0.12
-0.115
-0.11
-0.105
-0.125
-0.105
-0.115
-0.125
-0.11
-0.1
-0.105
-0.125
-0.105
-0.105
-0.11
-0.12
-0.1
-0.135
-0.115
-0.125
-0.125
-0.1
-0.09
-0.13
-0.13
-0.105
-0.105
-0.125
-0.12
-0.1
-0.1
-0.105
-0.085
-0.085
-0.055
-0.05
-0.01
0
0.045
0.075
0.07
0.065
0.06
0.055
0.065
0.045
0.005
-0.025
-0.06
-0.08
-0.09
-0.13
-0.14
-0.155
-0.155
-0.155
-0.155
-0.145
-0.175
-0.16
-0.185
-0.175
-0.165
-0.17
-0.165
-0.155
-0.16
-0.17
-0.17
-0.17
-0.175
-0.13
-0.11
-0.04
0.01
0.055
0.09
0.11
0.105
0.09
0.11
0.075
-0.08
-0.34
-0.54
-0.71
-0.86
-0.92
-0.925
-0.86
-0.74
-0.57
-0.37
-0.255
-0.185
-0.17
-0.18
-0.18
-0.195
-0.15
-0.13
-0.16
-0.145
-0.135
-0.145
-0.14
-0.16
-0.135
-0.13
-0.125
-0.125
-0.13
-0.12
-0.12
-0.105
-0.105
-0.105
-0.11
-0.11
-0.095
-0.1
-0.075
-0.06
-0.07
-0.05
-0.045
-0.04
-0.05
-0.035
-0.03
-0.005
-0.015
0.025
0
0
0
0.02
0.01
0.035
0.03
0.02
0
0.005
0
-0.025
-0.045
-0.045
-0.06
-0.08
-0.095
-0.08
-0.125
-0.125
-0.115
-0.1
-0.09
-0.105
-0.095
-0.095
-0.12
-0.125
-0.13
-0.13
-0.12
-0.13
-0.105
-0.105
-0.11
-0.13
-0.105
-0.115
-0.13
-0.135
-0.125
-0.12
-0.125
-0.125
-0.125
-0.125
-0.145
-0.14
-0.135
-0.11
-0.11
-0.115
-0.105
-0.1
-0.095
-0.09
-0.085
-0.08
-0.07
-0.06
-0.03
0.005
0.035
0.075
0.1
0.095
0.075
0.08
0.085
0.055
0.025
0
-0.015
-0.055
-0.065
-0.095
-0.12
-0.12
-0.135
-0.15
-0.14
-0.145
-0.135
-0.13
-0.14
-0.13
-0.15
-0.14
-0.14
-0.125
-0.125
-0.13
-0.14
-0.16
-0.13
-0.1
-0.04
0.015
0.05
0.1
0.13
0.155
0.14
0.13
0.12
0.03
-0.185
-0.47
-0.615
-0.78
-0.885
-0.885
-0.86
-0.78
-0.62
-0.445
-0.28
-0.175
-0.15
-0.15
-0.175
-0.16
-0.165
-0.17
-0.145
-0.135
-0.12
-0.13
-0.135
-0.135
-0.14
-0.14
-0.135
-0.11
-0.12
-0.11
-0.12
-0.095
-0.085
-0.085
-0.09
-0.095
-0.1
-0.08
-0.075
-0.065
-0.075
-0.065
-0.06
-0.03
-0.05
-0.05
-0.04
-0.03
-0.02
-0.01
0
-0.005
0
0
0.015
0
0.01
0.015
0.015
0
-0.035
-0.035
-0.06
-0.07
-0.075
-0.115
-0.11
-0.12
-0.11
-0.14
-0.14
-0.155
-0.13
-0.14
-0.16
-0.145
-0.145
-0.14
-0.15
-0.155
-0.145
-0.16
-0.155
-0.155
-0.16
-0.15
-0.165
-0.16
-0.16
-0.185
-0.175
-0.17
-0.165
-0.17
-0.165
-0.165
-0.17
-0.16
-0.165
-0.16
-0.155
-0.15
-0.145
-0.16
-0.145
-0.155
-0.15
-0.14
-0.115
-0.115
-0.115
-0.08
-0.035
0
0.01
0.025
0.04
0.03
0.015
0.015
-0.01
-0.04
-0.06
-0.11
-0.13
-0.18
-0.2
-0.2
-0.205
-0.215
-0.19
-0.2
-0.21
-0.215
-0.235
-0.215
-0.23
-0.215
-0.205
-0.21
-0.19
-0.215
-0.215
-0.21
-0.21
-0.205
-0.155
-0.1
-0.04
0.01
0.035
0.06
0.075
0.065
0.065
0.045
-0.1
-0.36
-0.585
-0.76
-0.905
-0.965
-0.98
-0.93
-0.825
-0.65
-0.45
-0.315
-0.22
-0.22
-0.225
-0.22
-0.21
-0.22
-0.2
-0.195
-0.19
-0.17
-0.2
-0.2
-0.195
-0.195
-0.195
-0.185
-0.175
-0.14
-0.16
-0.155
-0.16
-0.17
-0.155
-0.145
-0.145
-0.135
-0.115
-0.115
-0.105
-0.125
-0.11
-0.11
-0.09
-0.08
-0.09
-0.08
-0.055
-0.065
-0.075
-0.04
-0.065
-0.055
-0.035
-0.05
-0.03
-0.03
-0.005
-0.04
-0.04
-0.07
-0.1
-0.115
-0.13
-0.13
-0.12
-0.135
-0.155
-0.17
-0.2
-0.18
-0.17
-0.18
-0.19
-0.19
-0.18
-0.195
-0.205
-0.215
-0.2
-0.195
-0.195
-0.2
-0.175
-0.185
-0.18
-0.195
-0.2
-0.195
-0.205
-0.19
-0.19
-0.19
-0.205
-0.185
-0.195
-0.205
-0.2
-0.21
-0.21
-0.205
-0.175
-0.195
-0.195
-0.18
-0.19
-0.18
-0.16
-0.14
-0.155
-0.155
-0.15
-0.125
-0.095
-0.045
-0.015
0.015
0
0.015
0.005
0.01
-0.015
-0.05
-0.07
-0.1
-0.125
-0.17
-0.19
-0.2
-0.22
-0.235
-0.25
-0.24
-0.265
-0.26
-0.255
-0.245
-0.27
-0.255
-0.24
-0.245
-0.265
-0.26
-0.275
-0.265
-0.26
-0.265
-0.245
-0.21
-0.175
-0.115
-0.065
-0.035
0
0
0.01
0.005
0.01
-0.07
-0.305
-0.55
-0.755
-0.905
-1.01
-1.03
-1.005
-0.92
-0.795
-0.595
-0.42
-0.325
-0.31
-0.285
-0.295
-0.29
-0.275
-0.26
-0.285
-0.26
-0.27
-0.275
-0.28
-0.265
-0.26
-0.245
-0.25
-0.245
-0.25
-0.24
-0.225
-0.22
-0.23
-0.22
-0.205
-0.205
-0.225
-0.21
-0.19
-0.19
-0.175
-0.17
-0.155
-0.17
-0.16
-0.14
-0.14
-0.13
-0.135
-0.135
-0.125
-0.1
-0.09
-0.095
-0.075
-0.085
-0.09
-0.09
-0.08
-0.125
-0.135
-0.14
-0.155
-0.165
-0.175
-0.19
-0.23
-0.235
-0.24
-0.255
-0.245
-0.24
-0.265
-0.255
-0.255
-0.245
-0.26
-0.265
-0.275
-0.265
-0.28
-0.28
-0.295
-0.28
-0.275
-0.29
-0.285
-0.27
-0.315
-0.295
-0.285
-0.265
-0.265
-0.255
-0.245
-0.27
-0.28
-0.28
-0.29
-0.27
-0.27
-0.27
-0.25
-0.26
-0.265
-0.255
-0.26
-0.24
-0.25
-0.23
-0.23
-0.22
-0.2
-0.175
-0.14
-0.095
-0.075
-0.05
-0.02
-0.04
-0.02
-0.045
-0.075
-0.105
-0.13
-0.165
-0.19
-0.21
-0.23
-0.26
-0.275
-0.275
-0.28
-0.29
-0.295
-0.315
-0.31
-0.31
-0.3
-0.29
-0.295
-0.295
-0.3
-0.3
-0.3
-0.31
-0.305
-0.29
-0.285
-0.25
-0.2
-0.15
-0.1
-0.075
-0.045
-0.02
-0.04
-0.025
-0.05
-0.155
-0.405
-0.63
-0.81
-0.97
-1.055
-1.075
-1.04
-0.985
-0.815
-0.635
-0.485
-0.36
-0.315
-0.32
-0.335
-0.32
-0.34
-0.32
-0.315
-0.305
-0.3
-0.31
-0.305
-0.305
-0.3
-0.29
-0.295
-0.305
-0.285
-0.275
-0.28
-0.295
-0.27
-0.275
-0.255
-0.25
-0.26
-0.265
-0.265
-0.245
-0.23
-0.23
-0.225
-0.23
-0.22
-0.215
-0.215
-0.21
-0.22
-0.205
-0.185
-0.195
-0.18
-0.18
-0.17
-0.18
-0.165
-0.19
-0.19
-0.195
-0.19
-0.19
-0.2
-0.22
-0.245
-0.265
-0.28
-0.3
-0.31
-0.305
-0.32
-0.32
-0.32
-0.315
-0.35
-0.36
-0.365
-0.375
-0.35
-0.345
-0.34
-0.35
-0.365
-0.35
-0.385
-0.4
-0.39
-0.38
-0.37
-0.37
-0.355
-0.36
-0.37
-0.375
-0.39
-0.39
-0.39
-0.39
-0.39
-0.37
-0.385
-0.385
-0.39
-0.39
-0.385
-0.395
-0.395
-0.36
-0.36
-0.35
-0.35
-0.36
-0.345
-0.335
-0.27
-0.245
-0.2
-0.185
-0.18
-0.2
-0.21
-0.22
-0.24
-0.25
-0.27
-0.32
-0.35
-0.36
-0.365
-0.41
-0.41
-0.425
-0.43
-0.445
-0.43
-0.45
-0.445
-0.45
-0.45
-0.45
-0.46
-0.46
-0.465
-0.45
-0.445
-0.445
-0.455
-0.455
-0.445
-0.425
-0.39
-0.325
-0.275
-0.24
-0.19
-0.16
-0.175
-0.18
-0.19
-0.245
-0.445
-0.715
-0.895
-1.065
-1.195
-1.21
-1.205
-1.16
-1.035
-0.84
-0.66
-0.565
-0.495
-0.465
-0.48
-0.475
-0.475
-0.49
-0.475
-0.47
-0.465
-0.435
-0.465
-0.455
-0.455
-0.435
-0.445
-0.44
-0.48
-0.46
-0.445
-0.445
-0.44
-0.445
-0.41
-0.415
-0.425
-0.425
-0.41
-0.385
-0.41
-0.39
-0.395
-0.385
-0.395
-0.37
-0.36
-0.36
-0.36
-0.345
-0.32
-0.315
-0.315
-0.305
-0.29
-0.285
-0.28
-0.285
-0.27
-0.29
-0.27
-0.3
-0.285
-0.31
-0.35
-0.375
-0.375
-0.385
-0.41
-0.425
-0.42
-0.415
-0.435
-0.43
-0.445
-0.465
-0.455
-0.445
-0.465
-0.465
-0.44
-0.44
-0.455
-0.45
-0.46
-0.445
-0.485
-0.48
-0.46
-0.485
-0.47
-0.45
-0.45
-0.455
-0.465
-0.47
-0.475
-0.48
-0.49
-0.485
-0.45
-0.46
-0.47
-0.45
-0.45
-0.47
-0.48
-0.46
-0.43
-0.425
-0.445
-0.425
-0.415
-0.43
-0.41
-0.385
-0.34
-0.315
-0.27
-0.27
-0.245
-0.25
-0.285
-0.3
-0.33
-0.345
-0.38
-0.415
-0.44
-0.455
-0.47
-0.485
-0.485
-0.505
-0.525
-0.52
-0.525
-0.52
-0.545
-0.535
-0.545
-0.555
-0.54
-0.545
-0.535
-0.515
-0.525
-0.555
-0.53
-0.53
-0.525
-0.485
-0.42
-0.34
-0.275
-0.23
-0.205
-0.225
-0.215
-0.22
-0.27
-0.41
-0.685
-0.94
-1.09
-1.195
-1.26
-1.255
-1.235
-1.15
-0.995
-0.835
-0.71
-0.635
-0.605
-0.595
-0.58
-0.58
-0.585
-0.57
-0.595
-0.585
-0.565
-0.58
-0.555
-0.56
-0.57
-0.58
-0.57
-0.57
-0.575
-0.57
-0.56
-0.56
-0.565
-0.55
-0.545
-0.56
-0.545
-0.56
-0.54
-0.525
-0.52
-0.52
-0.535
-0.52
-0.5
-0.5
-0.5
-0.495
-0.485
-0.47
-0.44
-0.44
-0.44
-0.455
-0.445
-0.435
-0.435
-0.42
-0.425
-0.44
-0.44
-0.45
-0.475
-0.475
-0.5
-0.53
-0.54
-0.55
-0.56
-0.56
-0.565
-0.56
-0.585
-0.595
-0.605
-0.61
-0.595
-0.59
-0.605
-0.595
-0.6
-0.595
-0.595
-0.605
-0.615
-0.605
-0.61
-0.61
-0.605
-0.615
-0.605
-0.62
-0.615
-0.61
-0.61
-0.6
-0.58
-0.605
-0.61
-0.61
-0.605
-0.62
-0.6
-0.605
-0.595
-0.595
-0.57
-0.555
-0.56
-0.55
-0.54
-0.495
-0.455
-0.43
-0.425
-0.4
-0.4
-0.415
-0.43
-0.45
-0.465
-0.5
-0.53
-0.53
-0.55
-0.605
-0.62
-0.63
-0.63
-0.64
-0.64
-0.64
-0.63
-0.62
-0.64
-0.64
-0.63
-0.655
-0.645
-0.65
-0.64
-0.655
-0.66
-0.635
-0.62
-0.6
-0.58
-0.51
-0.465
-0.43
-0.395
-0.34
-0.35
-0.345
-0.34
-0.355
-0.51
-0.775
-1
-1.155
-1.3
-1.37
-1.395
-1.345
-1.245
-1.065
-0.91
-0.75
-0.68
-0.65
-0.635
-0.635
-0.64
-0.635
-0.63
-0.635
-0.625
-0.61
-0.62
-0.63
-0.62
-0.6
-0.595
-0.595
-0.575
-0.585
-0.575
-0.59
-0.58
-0.565
-0.56
-0.565
-0.545
-0.54
-0.55
-0.55
-0.54
-0.525
-0.51
-0.505
-0.505
-0.495
-0.495
-0.495
-0.49
-0.47
-0.47
-0.47
-0.46
-0.43
-0.425
-0.42
-0.435
-0.43
-0.46
-0.46
-0.455
-0.445
-0.47
-0.48
-0.515
-0.52
-0.53
-0.55
-0.555
-0.555
-0.575
-0.575
-0.585
-0.555
-0.575
-0.575
-0.595
-0.595
-0.585
-0.59
-0.59
-0.595
-0.59
-0.6
-0.605
-0.58
-0.59
-0.595
-0.595
-0.585
-0.595
-0.605
-0.6
-0.59
-0.6
-0.6
-0.585
-0.58
-0.58
-0.6
-0.6
-0.565
-0.58
-0.58
-0.57
-0.58
-0.585
-0.55
-0.545
-0.54
-0.515
-0.535
-0.51
-0.47
-0.43
-0.415
-0.4
-0.375
-0.37
-0.405
-0.415
-0.45
-0.475
-0.495
-0.5
-0.53
-0.555
-0.56
-0.605
-0.595
-0.595
-0.605
-0.62
-0.62
-0.605
-0.605
-0.615
-0.6
-0.625
-0.62
-0.615
-0.64
-0.64
-0.63
-0.62
-0.61
-0.6
-0.565
-0.535
-0.46
-0.4
-0.335
-0.315
-0.315
-0.31
-0.3
-0.345
-0.44
-0.72
-0.94
-1.115
-1.28
-1.365
-1.36
-1.325
-1.23
-1.075
-0.89
-0.73
-0.635
-0.605
-0.595
-0.58
-0.585
-0.6
-0.59
-0.59
-0.595
-0.59
-0.555
-0.565
-0.57
-0.555
-0.565
-0.56
-0.555
-0.55
-0.54
-0.545
-0.53
-0.515
-0.5
-0.51
-0.5
-0.495
-0.48
-0.485
-0.48
-0.49
-0.455
-0.455
-0.445
-0.44
-0.44
-0.425
-0.435
-0.42
-0.41
-0.4
-0.4
-0.37
-0.37
-0.38
-0.375
-0.38
-0.36
-0.38
-0.395
-0.39
-0.41
-0.415
-0.44
-0.45
-0.455
-0.465
-0.455
-0.455
-0.475
-0.485
-0.48
-0.495
-0.505
-0.49
-0.485
-0.49
-0.49
-0.49
-0.48
-0.455
-0.475
-0.49
-0.475
-0.48
-0.475
-0.46
-0.46
-0.465
-0.455
-0.465
-0.49
-0.48
-0.47
-0.47
-0.475
-0.46
-0.46
-0.465
-0.46
-0.48
-0.48
-0.47
-0.465
-0.43
-0.4
-0.395
-0.39
-0.4
-0.38
-0.34
-0.3
-0.27
-0.245
-0.23
-0.23
-0.255
-0.245
-0.285
-0.305
-0.355
-0.395
-0.41
-0.415
-0.455
-0.46
-0.475
-0.495
-0.495
-0.5
-0.495
-0.495
-0.515
-0.49
-0.48
-0.5
-0.495
-0.495
-0.5
-0.51
-0.505
-0.49
-0.49
-0.475
-0.46
-0.425
-0.36
-0.31
-0.265
-0.23
-0.205
-0.185
-0.215
-0.195
-0.2
-0.375
-0.655
-0.875
-1.05
-1.205
-1.27
-1.26
-1.205
-1.105
-0.935
-0.73
-0.595
-0.52
-0.5
-0.525
-0.51
-0.515
-0.5
-0.51
-0.495
-0.49
-0.49
-0.48
-0.465
-0.46
-0.47
-0.46
-0.45
-0.46
-0.455
-0.445
-0.43
-0.43
-0.41
-0.395
-0.405
-0.405
-0.4
-0.43
-0.4
-0.395
-0.405
-0.38
-0.35
-0.355
-0.36
-0.355
-0.35
-0.36
-0.335
-0.33
-0.33
-0.31
-0.31
-0.3
-0.295
-0.315
-0.29
-0.3
-0.31
-0.31
-0.33
-0.35
-0.355
-0.36
-0.395
-0.385
-0.405
-0.42
-0.425
-0.445
-0.435
-0.44
-0.415
-0.435
-0.44
-0.45
-0.455
-0.465
-0.46
-0.455
-0.455
-0.445
-0.46
-0.435
-0.435
-0.46
-0.425
-0.42
-0.44
-0.455
-0.45
-0.425
-0.435
-0.435
-0.43
-0.43
-0.44
-0.415
-0.425
-0.42
-0.45
-0.435
-0.445
-0.415
-0.425
-0.415
-0.42
-0.415
-0.4
-0.4
-0.38
-0.36
-0.36
-0.345
-0.305
-0.27
-0.245
-0.235
-0.235
-0.245
-0.245
-0.255
-0.29
-0.305
-0.34
-0.35
-0.395
-0.39
-0.44
-0.46
-0.485
-0.485
-0.48
-0.505
-0.485
-0.465
-0.48
-0.475
-0.48
-0.48
-0.495
-0.49
-0.495
-0.49
-0.485
-0.47
-0.48
-0.48
-0.46
-0.415
-0.365
-0.305
-0.245
-0.205
-0.195
-0.205
-0.205
-0.195
-0.23
-0.41
-0.665
-0.86
-1.045
-1.175
-1.23
-1.22
-1.175
-1.075
-0.915
-0.745
-0.61
-0.515
-0.495
-0.47
-0.47
-0.48
-0.47
-0.465
-0.48
-0.475
-0.47
-0.455
-0.45
-0.455
-0.44
-0.435
-0.435
-0.44
-0.455
-0.415
-0.435
-0.445
-0.42
-0.41
-0.42
-0.405
-0.405
-0.41
-0.38
-0.39
-0.38
-0.365
-0.365
-0.365
-0.355
-0.34
-0.32
-0.315
-0.32
-0.32
-0.315
-0.32
-0.31
-0.295
-0.31
-0.3
-0.295
-0.285
-0.285
-0.28
-0.3
-0.31
-0.335
-0.355
-0.36
-0.37
-0.4
-0.4
-0.415
-0.415
-0.415
-0.415
-0.44
-0.415
-0.43
-0.43
-0.445
-0.445
-0.425
-0.435
-0.445
-0.455
-0.44
-0.465
-0.45
-0.445
-0.45
-0.435
-0.44
-0.435
-0.43
-0.435
-0.455
-0.47
-0.45
-0.45
-0.455
-0.44
-0.45
-0.445
-0.44
-0.44
-0.455
-0.44
-0.435
-0.445
-0.43
-0.395
-0.385
-0.4
-0.37
-0.345
-0.33
-0.295
-0.255
-0.27
-0.245
-0.26
-0.245
-0.245
-0.285
-0.315
-0.36
-0.37
-0.39
-0.41
-0.43
-0.47
-0.475
-0.51
-0.52
-0.505
-0.5
-0.5
-0.495
-0.51
-0.51
-0.535
-0.525
-0.515
-0.505
-0.515
-0.5
-0.505
-0.515
-0.505
-0.525
-0.485
-0.44
-0.37
-0.315
-0.24
-0.225
-0.23
-0.24
-0.235
-0.25
-0.36
-0.575
-0.81
-1.005
-1.16
-1.255
-1.275
-1.24
-1.15
-1.025
-0.83
-0.67
-0.55
-0.5
-0.52
-0.51
-0.51
-0.505
-0.505
-0.515
-0.505
-0.51
-0.485
-0.485
-0.485
-0.49
-0.495
-0.495
-0.48
-0.475
-0.485
-0.5
-0.47
-0.455
-0.46
-0.46
-0.435
-0.45
-0.45
-0.44
-0.43
-0.415
-0.425
-0.435
-0.43
-0.405
-0.405
-0.395
-0.39
-0.39
-0.375
-0.36
-0.34
-0.35
-0.35
-0.36
-0.355
-0.345
-0.33
-0.34
-0.34
-0.345
-0.375
-0.395
-0.39
-0.415
-0.425
-0.44
-0.46
-0.47
-0.46
-0.455
-0.49
-0.48
-0.485
-0.505
-0.51
-0.5
-0.5
-0.5
-0.48
-0.49
-0.495
-0.515
-0.5
-0.505
-0.505
-0.51
-0.515
-0.485
-0.5
-0.525
-0.5
-0.51
-0.5
-0.52
-0.52
-0.495
-0.5
-0.49
-0.5
-0.5
-0.51
-0.49
-0.49
-0.495
-0.495
-0.48
-0.485
-0.49
-0.475
-0.475
-0.47
-0.47
-0.445
-0.42
-0.39
-0.35
-0.32
-0.29
-0.28
-0.29
-0.27
-0.29
-0.305
-0.355
-0.365
-0.38
-0.405
-0.44
-0.47
-0.475
-0.525
-0.515
-0.51
-0.525
-0.525
-0.54
-0.525
-0.535
-0.53
-0.525
-0.535
-0.515
-0.52
-0.515
-0.525
-0.515
-0.54
-0.53
-0.535
-0.48
-0.43
-0.365
-0.31
-0.265
-0.225
-0.23
-0.24
-0.22
-0.225
-0.31
-0.525
-0.79
-0.98
-1.095
-1.195
-1.225
-1.205
-1.12
-1
-0.85
-0.675
-0.575
-0.525
-0.52
-0.535
-0.54
-0.53
-0.535
-0.525
-0.5
-0.52
-0.5
-0.505
-0.49
-0.48
-0.49
-0.48
-0.485
-0.465
-0.46
-0.47
-0.465
-0.465
-0.44
-0.445
-0.445
-0.455
-0.445
-0.42
-0.415
-0.41
-0.41
-0.39
-0.39
-0.42
-0.37
-0.37
-0.365
-0.335
-0.345
-0.34
-0.35
-0.34
-0.35
-0.335
-0.32
-0.32
-0.315
-0.31
-0.32
-0.33
-0.34
-0.355
-0.38
-0.385
-0.405
-0.435
-0.435
-0.44
-0.44
-0.465
-0.47
-0.49
-0.485
-0.485
-0.465
-0.47
-0.475
-0.49
-0.475
-0.5
-0.51
-0.51
-0.48
-0.49
-0.47
-0.485
-0.48
-0.505
-0.52
-0.52
-0.505
-0.49
-0.47
-0.48
-0.485
-0.485
-0.475
-0.49
-0.48
-0.475
-0.48
-0.465
-0.475
-0.465
-0.45
-0.46
-0.425
-0.415
-0.42
-0.425
-0.415
-0.4
-0.34
-0.325
-0.31
-0.305
-0.295
-0.285
-0.29
-0.32
-0.355
-0.365
-0.395
-0.415
-0.435
-0.465
-0.49
-0.53
-0.525
-0.525
-0.54
-0.53
-0.515
-0.52
-0.535
-0.51
-0.495
-0.53
-0.525
-0.53
-0.52
-0.51
-0.525
-0.51
-0.495
-0.505
-0.495
-0.475
-0.385
-0.325
-0.27
-0.24
-0.195
-0.195
-0.225
-0.2
-0.255
-0.39
-0.67
-0.895
-1.05
-1.2
-1.26
-1.255
-1.205
-1.13
-0.95
-0.755
-0.6
-0.505
-0.49
-0.5
-0.5
-0.49
-0.51
-0.5
-0.5
-0.47
-0.48
-0.48
-0.46
-0.455
-0.46
-0.455
-0.475
-0.44
-0.445
-0.45
-0.425
-0.41
-0.395
-0.415
-0.415
-0.42
-0.41
-0.395
-0.38
-0.365
-0.375
-0.375
-0.375
-0.345
-0.34
-0.345
-0.35
-0.335
-0.295
-0.295
-0.285
-0.285
-0.295
-0.28
-0.28
-0.265
-0.28
-0.26
-0.265
-0.25
-0.265
-0.29
-0.305
-0.32
-0.32
-0.335
-0.36
-0.365
-0.38
-0.38
-0.39
-0.39
-0.41
-0.39
-0.42
-0.4
-0.4
-0.39
-0.39
-0.4
-0.425
-0.395
-0.42
-0.41
-0.415
-0.41
-0.42
-0.435
-0.43
-0.43
-0.435
-0.425
-0.425
-0.42
-0.425
-0.425
-0.42
-0.415
-0.415
-0.425
-0.43
-0.42
-0.425
-0.42
-0.43
-0.415
-0.39
-0.41
-0.4
-0.415
-0.385
-0.385
-0.375
-0.36
-0.345
-0.3
-0.265
-0.22
-0.225
-0.24
-0.215
-0.195
-0.205
-0.26
-0.295
-0.315
-0.34
-0.37
-0.405
-0.405
-0.41
-0.435
-0.475
-0.475
-0.46
-0.475
-0.485
-0.48
-0.495
-0.48
-0.47
-0.47
-0.46
-0.46
-0.49
-0.475
-0.51
-0.485
-0.49
-0.46
-0.44
-0.355
-0.28
-0.245
-0.18
-0.15
-0.15
-0.16
-0.145
-0.175
-0.3
-0.62
-0.86
-1.02
-1.15
-1.21
-1.22
-1.195
-1.08
-0.915
-0.75
-0.61
-0.52
-0.515
-0.55
-0.54
-0.535
-0.54
-0.515
-0.495
-0.49
-0.515
-0.51
-0.515
-0.515
-0.525
-0.515
-0.515
-0.48
-0.485
-0.48
-0.495
-0.49
-0.505
-0.495
-0.49
-0.47
-0.465
-0.455
-0.46
-0.45
-0.44
-0.445
-0.435
-0.425
-0.43
-0.41
-0.425
-0.395
-0.415
-0.405
-0.385
-0.39
-0.38
-0.39
-0.37
-0.345
-0.355
-0.35
-0.365
-0.37
-0.395
-0.375
-0.37
-0.415
-0.41
-0.42
-0.45
-0.455
-0.47
-0.485
-0.495
-0.505
-0.475
-0.495
-0.495
-0.49
-0.49
-0.5
-0.505
-0.515
-0.51
-0.495
-0.49
-0.495
-0.49
-0.51
-0.5
-0.495
-0.52
-0.52
-0.52
-0.515
-0.49
-0.485
-0.48
-0.5
-0.485
-0.495
-0.49
-0.49
-0.485
-0.47
-0.46
-0.465
-0.475
-0.46
-0.47
-0.455
-0.44
-0.445
-0.42
-0.4
-0.395
-0.375
-0.345
-0.32
-0.32
-0.29
-0.32
-0.32
-0.325
-0.345
-0.375
-0.395
-0.405
-0.435
-0.445
-0.45
-0.475
-0.465
-0.47
-0.48
-0.47
-0.495
-0.48
-0.49
-0.505
-0.505
-0.495
-0.51
-0.49
-0.5
-0.495
-0.48
-0.485
-0.465
-0.465
-0.42
-0.4
-0.365
-0.345
-0.3
-0.285
-0.3
-0.29
-0.32
-0.355
-0.46
-0.605
-0.76
-0.895
-0.995
-1.06
-1.08
-1.055
-0.99
-0.89
-0.78
-0.68
-0.595
-0.565
-0.545
-0.535
-0.53
-0.52
-0.515
-0.48
-0.5
-0.49
-0.505
-0.5
-0.49
-0.495
-0.475
-0.465
-0.475
-0.465
-0.48
-0.47
-0.46
-0.46
-0.455
-0.445
-0.435
-0.44
-0.43
-0.425
-0.44
-0.425
-0.43
-0.41
-0.4
-0.385
-0.375
-0.395
-0.38
-0.36
-0.355
-0.345
-0.34
-0.325
-0.32
-0.33
-0.315
-0.335
-0.335
-0.335
-0.355
-0.365
-0.38
-0.395
-0.39
-0.41
-0.405
-0.435
-0.45
-0.455
-0.455
-0.475
-0.47
-0.47
-0.455
-0.47
-0.485
-0.485
-0.495
-0.495
-0.48
-0.5
-0.475
-0.485
-0.485
-0.49
-0.49
-0.49
-0.495
-0.485
-0.5
-0.47
-0.485
-0.48
-0.48
-0.48
-0.47
-0.495
-0.49
-0.485
-0.48
-0.48
-0.505
-0.49
-0.49
-0.48
-0.5
-0.48
-0.47
-0.46
-0.445
-0.44
-0.445
-0.405
-0.385
-0.385
-0.355
-0.335
-0.32
-0.33
-0.34
-0.36
-0.36
-0.37
-0.39
-0.415
-0.445
-0.445
-0.47
-0.48
-0.485
-0.505
-0.505
-0.495
-0.49
-0.515
-0.505
-0.51
-0.51
-0.525
-0.52
-0.49
-0.525
-0.51
-0.515
-0.5
-0.495
-0.475
-0.45
-0.435
-0.415
-0.38
-0.355
-0.345
-0.34
-0.345
-0.365
-0.415
-0.49
-0.605
-0.73
-0.85
-0.955
-1.025
-1.055
-1.01
-1.005
-0.905
-0.805
-0.695
-0.63
-0.59
-0.565
-0.565
-0.55
-0.545
-0.535
-0.52
-0.525
-0.505
-0.54
-0.515
-0.51
-0.49
-0.495
-0.465
-0.5
-0.475
-0.49
-0.495
-0.47
-0.455
-0.45
-0.445
-0.435
-0.44
-0.425
-0.435
-0.42
-0.415
-0.415
-0.405
-0.39
-0.39
-0.38
-0.385
-0.37
-0.36
-0.355
-0.35
-0.345
-0.335
-0.34
-0.335
-0.35
-0.32
-0.32
-0.335
-0.335
-0.335
-0.35
-0.375
-0.38
-0.38
-0.41
-0.42
-0.44
-0.435
-0.45
-0.43
-0.445
-0.445
-0.435
-0.465
-0.45
-0.455
-0.445
-0.45
-0.45
-0.44
-0.44
-0.455
-0.45
-0.45
-0.475
-0.455
-0.46
-0.445
-0.46
-0.46
-0.47
-0.46
-0.465
-0.46
-0.47
-0.47
-0.465
-0.465
-0.46
-0.47
-0.465
-0.485
-0.47
-0.475
-0.465
-0.46
-0.465
-0.46
-0.475
-0.475
-0.46
-0.465
-0.455
-0.435
-0.42
-0.43
-0.42
-0.38
-0.345
-0.315
-0.3
-0.28
-0.26
-0.265
-0.25
-0.285
-0.3
-0.31
-0.35
-0.39
-0.375
-0.4
-0.425
-0.455
-0.47
-0.465
-0.47
-0.49
-0.495
-0.48
-0.49
-0.49
-0.475
-0.485
-0.48
-0.48
-0.505
-0.505
-0.5
-0.5
-0.505
-0.485
-0.47
-0.445
-0.4
-0.32
-0.3
-0.23
-0.2
-0.155
-0.19
-0.195
-0.165
-0.28
-0.51
-0.76
-0.975
-1.135
-1.255
-1.27
-1.24
-1.14
-1
-0.795
-0.63
-0.505
-0.475
-0.485
-0.5
-0.49
-0.495
-0.465
-0.46
-0.435
-0.465
-0.465
-0.44
-0.455
-0.445
-0.445
-0.445
-0.46
-0.44
-0.435
-0.445
-0.44
-0.415
-0.43
-0.425
-0.41
-0.41
-0.4
-0.43
-0.425
-0.395
-0.395
-0.39
-0.37
-0.37
-0.37
-0.36
-0.35
-0.355
-0.34
-0.36
-0.35
-0.31
-0.31
-0.315
-0.275
-0.295
-0.285
-0.32
-0.305
-0.3
-0.33
-0.34
-0.35
-0.385
-0.375
-0.39
-0.415
-0.445
-0.43
-0.42
-0.45
-0.425
-0.45
-0.445
-0.455
-0.45
-0.465
-0.455
-0.46
-0.435
-0.445
-0.435
-0.45
-0.465
-0.465
-0.445
-0.48
-0.45
-0.465
-0.46
-0.455
-0.46
-0.475
-0.47
-0.48
-0.475
-0.46
-0.465
-0.455
-0.45
-0.465
-0.46
-0.46
-0.47
-0.465
-0.475
-0.47
-0.445
-0.445
-0.46
-0.445
-0.43
-0.42
-0.41
-0.395
-0.38
-0.375
-0.305
-0.275
-0.26
-0.255
-0.24
-0.235
-0.25
-0.275
-0.29
-0.3
-0.34
-0.36
-0.36
-0.415
-0.445
-0.47
-0.465
-0.48
-0.47
-0.48
-0.48
-0.485
-0.485
-0.475
-0.495
-0.49
-0.475
-0.48
-0.48
-0.495
-0.465
-0.44
-0.46
-0.47
-0.45
-0.425
-0.38
-0.28
-0.245
-0.2
-0.17
-0.155
-0.165
-0.185
-0.185
-0.29
-0.52
-0.77
-0.94
-1.075
-1.185
-1.195
-1.18
-1.095
-0.98
-0.805
-0.63
-0.505
-0.46
-0.48
-0.475
-0.475
-0.47
-0.48
-0.455
-0.46
-0.45
-0.43
-0.42
-0.445
-0.435
-0.445
-0.425
-0.42
-0.41
-0.405
-0.415
-0.405
-0.38
-0.395
-0.4
-0.405
-0.38
-0.365
-0.375
-0.365
-0.365
-0.36
-0.38
-0.365
-0.35
-0.335
-0.32
-0.3
-0.3
-0.315
-0.295
-0.285
-0.27
-0.265
-0.275
-0.25
-0.25
-0.24
-0.25
-0.26
-0.245
-0.255
-0.285
-0.285
-0.305
-0.3
-0.32
-0.33
-0.345
-0.355
-0.355
-0.355
-0.37
-0.365
-0.405
-0.385
-0.39
-0.4
-0.39
-0.38
-0.4
-0.385
-0.395
-0.405
-0.39
-0.405
-0.415
-0.41
-0.415
-0.41
-0.405
-0.44
-0.38
-0.395
-0.39
-0.41
-0.4
-0.385
-0.4
-0.42
-0.415
-0.41
-0.4
-0.395
-0.4
-0.415
-0.38
-0.385
-0.39
-0.37
-0.37
-0.355
-0.345
-0.335
-0.315
-0.26
-0.23
-0.2
-0.2
-0.195
-0.2
-0.22
-0.23
-0.235
-0.27
-0.3
-0.335
-0.345
-0.39
-0.4
-0.415
-0.4
-0.425
-0.445
-0.42
-0.435
-0.45
-0.45
-0.44
-0.45
-0.445
-0.45
-0.45
-0.445
-0.435
-0.44
-0.435
-0.445
-0.45
-0.425
-0.38
-0.305
-0.25
-0.2
-0.17
-0.14
-0.13
-0.135
-0.115
-0.155
-0.29
-0.515
-0.74
-0.91
-1.045
-1.115
-1.12
-1.105
-0.99
-0.86
-0.685
-0.555
-0.47
-0.45
-0.44
-0.435
-0.425
-0.42
-0.42
-0.405
-0.415
-0.39
-0.405
-0.385
-0.41
-0.385
-0.405
-0.39
-0.375
-0.385
-0.375
-0.38
-0.365
-0.37
-0.37
-0.35
-0.335
-0.355
-0.33
-0.33
-0.33
-0.31
-0.31
-0.305
-0.32
-0.305
-0.285
-0.27
-0.265
-0.26
-0.265
-0.26
-0.24
-0.26
-0.255
-0.22
-0.22
-0.245
-0.235
-0.24
-0.23
-0.24
-0.265
-0.275
-0.29
-0.285
-0.31
-0.32
-0.325
-0.32
-0.355
-0.335
-0.345
-0.34
-0.365
-0.36
-0.355
-0.36
-0.365
-0.355
-0.355
-0.355
-0.35
-0.345
-0.34
-0.375
-0.375
-0.375
-0.36
-0.36
-0.36
-0.32
-0.32
-0.32
-0.335
-0.365
-0.365
-0.365
-0.365
-0.355
-0.345
-0.365
-0.355
-0.36
-0.34
-0.355
-0.34
-0.33
-0.33
-0.34
-0.305
-0.3
-0.31
-0.295
-0.26
-0.255
-0.235
-0.195
-0.185
-0.175
-0.165
-0.155
-0.155
-0.19
-0.2
-0.25
-0.27
-0.295
-0.3
-0.34
-0.36
-0.365
-0.38
-0.38
-0.385
-0.385
-0.385
-0.4
-0.395
-0.385
-0.38
-0.39
-0.38
-0.405
-0.405
-0.395
-0.4
-0.38
-0.375
-0.37
-0.355
-0.305
-0.245
-0.2
-0.16
-0.11
-0.095
-0.105
-0.125
-0.12
-0.19
-0.37
-0.63
-0.8
-0.925
-1.075
-1.11
-1.1
-1.045
-0.94
-0.77
-0.585
-0.455
-0.41
-0.425
-0.4
-0.385
-0.395
-0.38
-0.37
-0.38
-0.395
-0.385
-0.36
-0.37
-0.375
-0.365
-0.35
-0.35
-0.345
-0.35
-0.345
-0.33
-0.33
-0.33
-0.31
-0.31
-0.31
-0.3
-0.3
-0.285
-0.285
-0.28
-0.3
-0.265
-0.275
-0.26
-0.26
-0.25
-0.26
-0.25
-0.245
-0.245
-0.235
-0.22
-0.225
-0.21
-0.215
-0.22
-0.2
-0.205
-0.235
-0.235
-0.235
-0.27
-0.265
-0.29
-0.31
-0.31
-0.33
-0.34
-0.33
-0.345
-0.34
-0.36
-0.38
-0.355
-0.38
-0.37
-0.375
-0.37
-0.335
-0.355
-0.365
-0.34
-0.35
-0.355
-0.35
-0.365
-0.37
-0.36
-0.36
-0.36
-0.35
-0.365
-0.375
-0.36
-0.355
-0.355
-0.36
-0.34
-0.325
-0.345
-0.365
-0.365
-0.355
-0.375
-0.36
-0.35
-0.345
-0.315
-0.305
-0.295
-0.305
-0.3
-0.29
-0.235
-0.205
-0.16
-0.17
-0.165
-0.17
-0.16
-0.18
-0.23
-0.25
-0.28
-0.295
-0.29
-0.32
-0.35
-0.365
-0.37
-0.37
-0.4
-0.37
-0.4
-0.395
-0.38
-0.39
-0.415
-0.4
-0.395
-0.4
-0.405
-0.405
-0.395
-0.4
-0.39
-0.38
-0.36
-0.32
-0.285
-0.225
-0.16
-0.095
-0.075
-0.1
-0.11
-0.105
-0.205
-0.37
-0.64
-0.825
-0.99
-1.075
-1.12
-1.095
-1.03
-0.9
-0.725
-0.56
-0.43
-0.38
-0.38
-0.38
-0.385
-0.355
-0.365
-0.33
-0.36
-0.365
-0.35
-0.345
-0.335
-0.345
-0.35
-0.335
-0.355
-0.335
-0.32
-0.325
-0.315
-0.32
-0.305
-0.295
-0.3
-0.295
-0.29
-0.265
-0.275
-0.285
-0.26
-0.245
-0.245
-0.23
-0.23
-0.225
-0.225
-0.21
-0.21
-0.18
-0.195
-0.185
-0.185
-0.185
-0.17
-0.19
-0.185
-0.185
-0.19
-0.215
-0.2
-0.22
-0.245
-0.26
-0.27
-0.275
-0.305
-0.305
-0.315
-0.3
-0.315
-0.315
-0.32
-0.31
-0.315
-0.345
-0.335
-0.36
-0.335
-0.315
-0.335
-0.33
-0.335
-0.335
-0.345
-0.325
-0.32
-0.325
-0.34
-0.335
-0.335
-0.33
-0.33
-0.325
-0.325
-0.335
-0.32
-0.355
-0.325
-0.325
-0.33
-0.335
-0.32
-0.335
-0.355
-0.33
-0.315
-0.33
-0.31
-0.29
-0.265
-0.275
-0.265
-0.255
-0.225
-0.18
-0.145
-0.135
-0.13
-0.14
-0.135
-0.14
-0.165
-0.18
-0.2
-0.235
-0.255
-0.26
-0.31
-0.325
-0.335
-0.375
-0.355
-0.355
-0.355
-0.35
-0.375
-0.375
-0.38
-0.385
-0.37
-0.38
-0.385
-0.37
-0.365
-0.375
-0.385
-0.375
-0.385
-0.34
-0.26
-0.18
-0.135
-0.1
-0.08
-0.085
-0.095
-0.095
-0.13
-0.285
-0.56
-0.795
-0.965
-1.07
-1.125
-1.105
-1.085
-1.005
-0.845
-0.68
-0.52
-0.44
-0.4
-0.42
-0.425
-0.425
-0.425
-0.43
-0.415
-0.435
-0.4
-0.41
-0.4
-0.4
-0.435
-0.43
-0.425
-0.405
-0.395
-0.38
-0.37
-0.38
-0.375
-0.395
-0.395
-0.395
-0.38
-0.385
-0.355
-0.345
-0.365
-0.345
-0.345
-0.35
-0.35
-0.35
-0.335
-0.31
-0.295
-0.3
-0.285
-0.29
-0.28
-0.295
-0.295
-0.27
-0.265
-0.275
-0.28
-0.285
-0.295
-0.325
-0.35
-0.375
-0.395
-0.4
-0.405
-0.415
-0.425
-0.435
-0.455
-0.46
-0.465
-0.47
-0.48
-0.48
-0.455
-0.455
-0.47
-0.45
-0.465
-0.465
-0.49
-0.485
-0.47
-0.475
-0.49
-0.49
-0.475
-0.475
-0.505
-0.505
-0.49
-0.47
-0.51
-0.48
-0.47
-0.475
-0.495
-0.495
-0.5
-0.485
-0.48
-0.48
-0.455
-0.455
-0.465
-0.46
-0.425
-0.395
-0.375
-0.335
-0.3
-0.295
-0.295
-0.305
-0.315
-0.34
-0.38
-0.4
-0.41
-0.42
-0.46
-0.5
-0.505
-0.52
-0.54
-0.555
-0.545
-0.555
-0.555
-0.56
-0.555
-0.57
-0.565
-0.585
-0.585
-0.58
-0.59
-0.575
-0.575
-0.565
-0.57
-0.565
-0.53
-0.485
-0.41
-0.365
-0.315
-0.27
-0.295
-0.3
-0.295
-0.31
-0.445
-0.7
-0.96
-1.125
-1.26
-1.315
-1.33
-1.285
-1.185
-1.035
-0.85
-0.7
-0.65
-0.625
-0.61
-0.62
-0.625
-0.61
-0.62
-0.615
-0.63
-0.615
-0.6
-0.605
-0.605
-0.605
-0.61
-0.61
-0.595
-0.61
-0.61
-0.6
-0.57
-0.58
-0.58
-0.575
-0.585
-0.575
-0.58
-0.59
-0.575
-0.56
-0.545
-0.55
-0.54
-0.545
-0.54
-0.56
-0.55
-0.54
-0.51
-0.51
-0.5
-0.5
-0.495
-0.49
-0.485
-0.485
-0.525
-0.505
-0.495
-0.53
-0.515
-0.545
-0.565
-0.585
-0.605
-0.635
-0.64
-0.655
-0.66
-0.665
-0.67
-0.685
-0.69
-0.69
-0.675
-0.69
-0.7
-0.685
-0.685
-0.71
-0.7
-0.7
-0.71
-0.725
-0.74
-0.715
-0.715
-0.715
-0.74
-0.72
-0.73
-0.735
-0.74
-0.735
-0.735
-0.72
-0.725
-0.72
-0.735
-0.745
-0.745
-0.755
-0.73
-0.725
-0.7
-0.695
-0.715
-0.705
-0.695
-0.64
-0.62
-0.59
-0.57
-0.59
-0.57
-0.575
-0.58
-0.61
-0.655
-0.66
-0.705
-0.72
-0.755
-0.75
-0.77
-0.785
-0.8
-0.8
-0.81
-0.83
-0.83
-0.845
-0.825
-0.84
-0.83
-0.83
-0.845
-0.86
-0.855
-0.865
-0.84
-0.845
-0.83
-0.805
-0.785
-0.715
-0.66
-0.62
-0.57
-0.54
-0.52
-0.535
-0.555
-0.585
-0.775
-1.055
-1.255
-1.41
-1.54
-1.6
-1.585
-1.54
-1.455
-1.295
-1.125
-0.97
-0.9
-0.88
-0.9
-0.875
-0.88
-0.87
-0.865
-0.86
-0.88
-0.88
-0.88
-0.87
-0.87
-0.875
-0.86
-0.86
-0.86
-0.85
-0.86
-0.865
-0.86
-0.84
-0.845
-0.835
-0.83
-0.82
-0.83
-0.835
-0.81
-0.81
-0.8
-0.775
-0.8
-0.79
-0.775
-0.77
-0.795
-0.785
-0.76
-0.765
-0.76
-0.74
-0.735
-0.725
-0.715
-0.715
-0.725
-0.73
-0.71
-0.74
-0.75
-0.755
-0.785
-0.82
-0.81
-0.83
-0.83
-0.84
-0.85
-0.85
-0.87
-0.855
-0.855
-0.86
-0.87
-0.88
-0.885
-0.89
-0.875
-0.89
-0.875
-0.86
-0.875
-0.87
-0.885
-0.89
-0.885
-0.91
-0.885
-0.89
-0.885
-0.915
-0.9
-0.905
-0.895
-0.885
-0.89
-0.9
-0.895
-0.875
-0.88
-0.885
-0.86
-0.865
-0.87
-0.855
-0.835
-0.83
-0.795
-0.755
-0.73
-0.74
-0.695
-0.71
-0.73
-0.73
-0.745
-0.765
-0.79
-0.83
-0.86
-0.88
-0.9
-0.935
-0.945
-0.925
-0.94
-0.96
-0.955
-0.96
-0.955
-0.955
-0.95
-0.935
-0.94
-0.94
-0.935
-0.95
-0.96
-0.96
-0.945
-0.96
-0.945
-0.92
-0.855
-0.8
-0.73
-0.7
-0.66
-0.66
-0.67
-0.675
-0.67
-0.725
-0.955
-1.22
-1.4
-1.525
-1.655
-1.67
-1.65
-1.57
-1.435
-1.26
-1.095
-0.99
-0.955
-0.94
-0.96
-0.965
-0.95
-0.955
-0.94
-0.935
-0.94
-0.935
-0.945
-0.93
-0.915
-0.92
-0.92
-0.91
-0.895
-0.92
-0.91
-0.875
-0.88
-0.89
-0.87
-0.875
-0.875
-0.87
-0.86
-0.85
-0.84
-0.845
-0.85
-0.835
-0.825
-0.81
-0.82
-0.8
-0.81
-0.805
-0.795
-0.79
-0.775
-0.775
-0.76
-0.73
-0.735
-0.72
-0.72
-0.745
-0.76
-0.765
-0.78
-0.79
-0.805
-0.81
-0.82
-0.815
-0.825
-0.845
-0.865
-0.865
-0.845
-0.855
-0.84
-0.845
-0.85
-0.845
-0.855
-0.865
-0.855
-0.86
-0.845
-0.85
-0.855
-0.83
-0.85
-0.84
-0.84
-0.82
-0.835
-0.83
-0.835
-0.84
-0.84
-0.81
-0.83
-0.83
-0.82
-0.82
-0.8
-0.8
-0.81
-0.785
-0.765
-0.755
-0.755
-0.705
-0.695
-0.635
-0.64
-0.63
-0.605
-0.605
-0.63
-0.65
-0.665
-0.675
-0.695
-0.725
-0.755
-0.78
-0.795
-0.81
-0.825
-0.84
-0.84
-0.825
-0.825
-0.815
-0.8
-0.825
-0.805
-0.81
-0.815
-0.81
-0.82
-0.815
-0.81
-0.825
-0.785
-0.79
-0.78
-0.74
-0.69
-0.635
-0.58
-0.54
-0.495
-0.495
-0.5
-0.47
-0.57
-0.795
-1.04
-1.225
-1.385
-1.5
-1.545
-1.56
-1.48
-1.365
-1.2
-0.98
-0.845
-0.79
-0.76
-0.775
-0.78
-0.765
-0.76
-0.75
-0.745
-0.745
-0.745
-0.725
-0.725
-0.725
-0.71
-0.71
-0.72
-0.71
-0.725
-0.715
-0.71
-0.695
-0.68
-0.69
-0.68
-0.675
-0.655
-0.665
-0.66
-0.665
-0.655
-0.64
-0.635
-0.605
-0.605
-0.595
-0.61
-0.595
-0.59
-0.595
-0.585
-0.555
-0.565
-0.555
-0.545
-0.545
-0.555
-0.555
-0.57
-0.565
-0.565
-0.56
-0.57
-0.59
-0.62
-0.625
-0.63
-0.64
-0.665
-0.655
-0.655
-0.65
-0.65
-0.66
-0.665
-0.66
-0.675
-0.68
-0.68
-0.68
-0.65
-0.66
-0.66
-0.665
-0.67
-0.68
-0.66
-0.665
-0.65
-0.635
-0.66
-0.655
-0.65
-0.66
-0.655
-0.655
-0.665
-0.655
-0.63
-0.625
-0.64
-0.61
-0.615
-0.605
-0.58
-0.59
-0.565
-0.515
-0.465
-0.455
-0.455
-0.46
-0.44
-0.445
-0.47
-0.5
-0.525
-0.545
-0.57
-0.595
-0.615
-0.635
-0.64
-0.64
-0.655
-0.665
-0.65
-0.66
-0.655
-0.675
-0.665
-0.66
-0.66
-0.65
-0.645
-0.64
-0.66
-0.655
-0.665
-0.67
-0.645
-0.64
-0.61
-0.56
-0.495
-0.43
-0.38
-0.355
-0.37
-0.385
-0.36
-0.38
-0.505
-0.76
-0.985
-1.145
-1.315
-1.385
-1.42
-1.375
-1.275
-1.115
-0.905
-0.73
-0.65
-0.63
-0.645
-0.635
-0.64
-0.65
-0.63
-0.61
-0.61
-0.62
-0.605
-0.605
-0.605
-0.595
-0.61
-0.59
-0.59
-0.59
-0.58
-0.55
-0.565
-0.57
-0.56
-0.55
-0.545
-0.535
-0.505
-0.53
-0.54
-0.54
-0.51
-0.495
-0.505
-0.495
-0.5
-0.465
-0.455
-0.455
-0.45
-0.44
-0.45
-0.44
-0.435
-0.425
-0.405
-0.4
-0.425
-0.41
-0.41
-0.43
-0.45
-0.465
-0.495
-0.48
-0.515
-0.51
-0.515
-0.505
-0.515
-0.535
-0.53
-0.515
-0.53
-0.525
-0.535
-0.53
-0.51
-0.52
-0.51
-0.55
-0.52
-0.545
-0.555
-0.525
-0.51
-0.51
-0.53
-0.535
-0.535
-0.545
-0.55
-0.555
-0.54
-0.54
-0.53
-0.51
-0.51
-0.495
-0.515
-0.51
-0.495
-0.49
-0.475
-0.475
-0.45
-0.455
-0.385
-0.36
-0.32
-0.315
-0.305
-0.32
-0.315
-0.32
-0.335
-0.36
-0.405
-0.425
-0.46
-0.475
-0.495
-0.51
-0.5
-0.51
-0.53
-0.53
-0.54
-0.55
-0.55
-0.54
-0.545
-0.55
-0.54
-0.53
-0.55
-0.55
-0.55
-0.56
-0.545
-0.525
-0.505
-0.48
-0.43
-0.355
-0.285
-0.25
-0.225
-0.225
-0.21
-0.23
-0.255
-0.39
-0.665
-0.88
-1.04
-1.195
-1.245
-1.255
-1.225
-1.135
-0.96
-0.785
-0.64
-0.535
-0.53
-0.54
-0.545
-0.535
-0.525
-0.505
-0.525
-0.515
-0.52
-0.495
-0.49
-0.505
-0.51
-0.48
-0.495
-0.5
-0.48
-0.48
-0.5
-0.49
-0.48
-0.46
-0.465
-0.47
-0.47
-0.475
-0.465
-0.46
-0.455
-0.435
-0.435
-0.43
-0.415
-0.405
-0.415
-0.42
-0.395
-0.42
-0.415
-0.39
-0.375
-0.365
-0.35
-0.36
-0.35
-0.36
-0.36
-0.37
-0.365
-0.385
-0.395
-0.41
-0.44
-0.455
-0.465
-0.48
-0.49
-0.5
-0.51
-0.495
-0.5
-0.475
-0.475
-0.48
-0.495
-0.5
-0.5
-0.5
-0.48
-0.51
-0.53
-0.49
-0.515
-0.5
-0.515
-0.54
-0.52
-0.545
-0.515
-0.545
-0.535
-0.515
-0.54
-0.535
-0.525
-0.52
-0.52
-0.505
-0.495
-0.505
-0.5
-0.475
-0.435
-0.415
-0.4
-0.36
-0.355
-0.33
-0.32
-0.335
-0.345
-0.365
-0.4
-0.425
-0.455
-0.495
-0.515
-0.51
-0.555
-0.585
-0.595
-0.58
-0.57
-0.595
-0.575
-0.595
-0.59
-0.575
-0.59
-0.57
-0.57
-0.57
-0.57
-0.595
-0.595
-0.59
-0.575
-0.56
-0.525
-0.46
-0.41
-0.33
-0.275
-0.24
-0.225
-0.22
-0.21
-0.23
-0.34
-0.6
-0.875
-1.045
-1.165
-1.255
-1.24
-1.225
-1.14
-0.99
-0.83
-0.695
-0.625
-0.605
-0.585
-0.595
-0.585
-0.58
-0.575
-0.58
-0.565
-0.57
-0.56
-0.555
-0.545
-0.545
-0.555
-0.52
-0.515
-0.54
-0.53
-0.54
-0.515
-0.5
-0.485
-0.48
-0.485
-0.49
-0.47
-0.47
-0.47
-0.46
-0.46
-0.435
-0.435
-0.42
-0.41
-0.42
-0.415
-0.4
-0.395
-0.38
-0.365
-0.37
-0.36
-0.345
-0.34
-0.35
-0.36
-0.375
-0.345
-0.385
-0.385
-0.395
-0.405
-0.43
-0.425
-0.46
-0.465
-0.46
-0.48
-0.5
-0.485
-0.49
-0.5
-0.475
-0.475
-0.495
-0.5
-0.505
-0.515
-0.495
-0.5
-0.505
-0.515
-0.52
-0.495
-0.495
-0.52
-0.48
-0.475
-0.48
-0.48
-0.485
-0.5
-0.505
-0.495
-0.495
-0.5
-0.47
-0.465
-0.45
-0.43
-0.445
-0.435
-0.43
-0.4
-0.355
-0.33
-0.29
-0.285
-0.295
-0.29
-0.285
-0.32
-0.35
-0.37
-0.4
-0.425
-0.45
-0.46
-0.46
-0.51
-0.51
-0.515
-0.515
-0.54
-0.53
-0.525
-0.525
-0.515
-0.515
-0.535
-0.545
-0.515
-0.52
-0.54
-0.52
-0.525
-0.53
-0.5
-0.465
-0.44
-0.365
-0.33
-0.28
-0.235
-0.225
-0.235
-0.24
-0.24
-0.325
-0.555
-0.8
-0.98
-1.13
-1.23
-1.245
-1.22
-1.18
-1.065
-0.895
-0.725
-0.595
-0.535
-0.535
-0.535
-0.53
-0.52
-0.525
-0.52
-0.53
-0.52
-0.53
-0.515
-0.49
-0.5
-0.485
-0.49
-0.495
-0.495
-0.5
-0.49
-0.49
-0.465
-0.465
-0.45
-0.435
-0.445
-0.46
-0.44
-0.43
-0.425
-0.415
-0.41
-0.415
-0.405
-0.415
-0.4
-0.39
-0.4
-0.385
-0.37
-0.365
-0.36
-0.35
-0.36
-0.34
-0.34
-0.345
-0.37
-0.345
-0.36
-0.355
-0.37
-0.395
-0.4
-0.435
-0.45
-0.445
-0.455
-0.48
-0.47
-0.465
-0.475
-0.48
-0.475
-0.49
-0.515
-0.47
-0.49
-0.5
-0.49
-0.475
-0.485
-0.485
-0.49
-0.49
-0.505
-0.49
-0.485
-0.495
-0.5
-0.495
-0.49
-0.51
-0.495
-0.495
-0.505
-0.485
-0.48
-0.485
-0.46
-0.445
-0.465
-0.445
-0.445
-0.42
-0.4
-0.345
-0.315
-0.305
-0.285
-0.285
-0.28
-0.28
-0.31
-0.345
-0.37
-0.4
-0.41
-0.435
-0.455
-0.48
-0.495
-0.51
-0.53
-0.52
-0.53
-0.535
-0.535
-0.525
-0.54
-0.525
-0.53
-0.525
-0.515
-0.53
-0.525
-0.505
-0.52
-0.505
-0.51
-0.5
-0.455
-0.39
-0.345
-0.265
-0.245
-0.225
-0.245
-0.27
-0.26
-0.3
-0.53
-0.755
-0.95
-1.11
-1.19
-1.245
-1.215
-1.155
-1.015
-0.835
-0.665
-0.56
-0.52
-0.52
-0.495
-0.49
-0.505
-0.49
-0.49
-0.49
-0.475
-0.475
-0.465
-0.47
-0.48
-0.46
-0.455
-0.455
-0.46
-0.455
-0.46
-0.45
-0.42
-0.445
-0.435
-0.425
-0.425
-0.415
-0.405
-0.41
-0.41
-0.39
-0.385
-0.38
-0.375
-0.365
-0.37
-0.37
-0.35
-0.33
-0.32
-0.345
-0.32
-0.335
-0.335
-0.32
-0.32
-0.31
-0.3
-0.3
-0.31
-0.35
-0.345
-0.365
-0.395
-0.4
-0.42
-0.435
-0.44
-0.435
-0.435
-0.435
-0.45
-0.455
-0.465
-0.455
-0.455
-0.465
-0.45
-0.45
-0.455
-0.45
-0.44
-0.46
-0.47
-0.465
-0.475
-0.48
-0.47
-0.45
-0.46
-0.465
-0.48
-0.465
-0.475
-0.465
-0.47
-0.45
-0.46
-0.46
-0.445
-0.465
-0.465
-0.445
-0.44
-0.435
-0.42
-0.42
-0.38
-0.34
-0.31
-0.31
-0.285
-0.28
-0.27
-0.285
-0.305
-0.325
-0.355
-0.38
-0.4
-0.435
-0.455
-0.49
-0.495
-0.515
-0.52
-0.525
-0.525
-0.515
-0.53
-0.53
-0.545
-0.535
-0.52
-0.525
-0.505
-0.52
-0.525
-0.53
-0.53
-0.535
-0.515
-0.49
-0.44
-0.385
-0.33
-0.27
-0.245
-0.24
-0.235
-0.25
-0.25
-0.3
-0.495
-0.74
-0.94
-1.095
-1.23
-1.27
-1.27
-1.215
-1.1
-0.925
-0.735
-0.6
-0.555
-0.525
-0.51
-0.53
-0.53
-0.52
-0.505
-0.52
-0.48
-0.5
-0.495
-0.485
-0.48
-0.5
-0.5
-0.49
-0.49
-0.46
-0.475
-0.47
-0.46
-0.46
-0.46
-0.44
-0.435
-0.425
-0.415
-0.42
-0.42
-0.41
-0.4
-0.4
-0.39
-0.4
-0.37
-0.36
-0.36
-0.35
-0.345
-0.32
-0.34
-0.325
-0.31
-0.31
-0.305
-0.305
-0.305
-0.32
-0.33
-0.33
-0.345
-0.365
-0.37
-0.38
-0.405
-0.41
-0.43
-0.435
-0.435
-0.45
-0.435
-0.445
-0.43
-0.445
-0.455
-0.455
-0.46
-0.45
-0.465
-0.44
-0.445
-0.435
-0.45
-0.45
-0.45
-0.44
-0.455
-0.47
-0.47
-0.455
-0.46
-0.445
-0.455
-0.435
-0.445
-0.45
-0.44
-0.435
-0.44
-0.425
-0.41
-0.425
-0.405
-0.395
-0.375
-0.36
-0.33
-0.28
-0.24
-0.245
-0.24
-0.22
-0.25
-0.245
-0.25
-0.3
-0.34
-0.36
-0.375
-0.405
-0.41
-0.435
-0.455
-0.48
-0.475
-0.45
-0.475
-0.48
-0.465
-0.465
-0.485
-0.475
-0.48
-0.47
-0.475
-0.49
-0.49
-0.475
-0.475
-0.47
-0.465
-0.415
-0.355
-0.285
-0.215
-0.17
-0.155
-0.14
-0.145
-0.16
-0.185
-0.275
-0.55
-0.805
-0.97
-1.12
-1.185
-1.21
-1.155
-1.095
-0.965
-0.79
-0.635
-0.525
-0.51
-0.5
-0.495
-0.495
-0.475
-0.495
-0.48
-0.48
-0.465
-0.49
-0.49
-0.495
-0.475
-0.47
-0.465
-0.46
-0.47
-0.47
-0.465
-0.47
-0.465
-0.445
-0.43
-0.44
-0.425
-0.415
-0.435
-0.435
-0.415
-0.41
-0.41
-0.39
-0.395
-0.385
-0.38
-0.365
-0.36
-0.36
-0.36
-0.355
-0.345
-0.32
-0.32
-0.31
-0.32
-0.315
-0.325
-0.325
-0.32
-0.345
-0.36
-0.37
-0.395
-0.4
-0.41
-0.42
-0.445
-0.445
-0.45
-0.45
-0.46
-0.46
-0.465
-0.47
-0.48
-0.46
-0.48
-0.47
-0.47
-0.47
-0.465
-0.46
-0.475
-0.475
-0.465
-0.48
-0.475
-0.47
-0.465
-0.465
-0.465
-0.475
-0.455
-0.475
-0.47
-0.46
-0.425
-0.45
-0.425
-0.435
-0.4
-0.405
-0.395
-0.345
-0.31
-0.285
-0.235
-0.25
-0.23
-0.25
-0.255
-0.31
-0.35
-0.35
-0.375
-0.4
-0.42
-0.46
-0.47
-0.48
-0.505
-0.51
-0.5
-0.5
-0.485
-0.485
-0.5
-0.505
-0.5
-0.505
-0.515
-0.5
-0.505
-0.485
-0.48
-0.48
-0.48
-0.465
-0.415
-0.375
-0.305
-0.25
-0.185
-0.165
-0.155
-0.175
-0.165
-0.185
-0.275
-0.575
-0.82
-0.985
-1.13
-1.235
-1.22
-1.185
-1.115
-0.945
-0.755
-0.61
-0.505
-0.465
-0.49
-0.47
-0.475
-0.46
-0.425
-0.45
-0.44
-0.435
-0.455
-0.445
-0.43
-0.42
-0.425
-0.41
-0.4
-0.395
-0.385
-0.385
-0.4
-0.385
-0.385
-0.375
-0.365
-0.355
-0.365
-0.34
-0.34
-0.335
-0.33
-0.315
-0.3
-0.3
-0.3
-0.295
-0.29
-0.275
-0.3
-0.265
-0.23
-0.24
-0.215
-0.24
-0.24
-0.235
-0.25
-0.245
-0.245
-0.26
-0.27
-0.275
-0.305
-0.32
-0.34
-0.355
-0.34
-0.36
-0.395
-0.385
-0.385
-0.38
-0.375
-0.36
-0.375
-0.385
-0.385
-0.395
-0.405
-0.39
-0.37
-0.395
-0.38
-0.375
-0.385
-0.4
-0.38
-0.38
-0.4
-0.385
-0.36
-0.375
-0.38
-0.375
-0.385
-0.41
-0.4
-0.395
-0.375
-0.34
-0.34
-0.32
-0.335
-0.32
-0.305
-0.28
-0.225
-0.19
-0.2
-0.18
-0.175
-0.19
-0.18
-0.21
-0.24
-0.26
-0.295
-0.31
-0.335
-0.375
-0.37
-0.38
-0.4
-0.415
-0.415
-0.405
-0.42
-0.41
-0.405
-0.41
-0.415
-0.415
-0.415
-0.415
-0.405
-0.395
-0.42
-0.405
-0.405
-0.39
-0.355
-0.285
-0.23
-0.175
-0.13
-0.09
-0.09
-0.105
-0.095
-0.15
-0.32
-0.59
-0.8
-0.97
-1.1
-1.18
-1.185
-1.14
-1.065
-0.895
-0.7
-0.54
-0.41
-0.39
-0.385
-0.395
-0.39
-0.385
-0.375
-0.365
-0.36
-0.345
-0.35
-0.34
-0.325
-0.325
-0.33
-0.32
-0.33
-0.33
-0.32
-0.32
-0.31
-0.295
-0.29
-0.3
-0.295
-0.295
-0.285
-0.28
-0.265
-0.265
-0.24
-0.22
-0.225
-0.23
-0.22
-0.21
-0.205
-0.205
-0.18
-0.175
-0.155
-0.165
-0.17
-0.17
-0.17
-0.15
-0.16
-0.145
-0.155
-0.155
-0.16
-0.16
-0.21
-0.2
-0.22
-0.24
-0.25
-0.255
-0.27
-0.26
-0.245
-0.265
-0.27
-0.315
-0.285
-0.27
-0.255
-0.265
-0.26
-0.255
-0.245
-0.26
-0.27
-0.28
-0.26
-0.265
-0.27
-0.275
-0.24
-0.24
-0.24
-0.235
-0.24
-0.245
-0.245
-0.225
-0.21
-0.23
-0.21
-0.195
-0.21
-0.205
-0.175
-0.165
-0.17
-0.125
-0.11
-0.07
-0.03
0
0
0.015
0
0
-0.035
-0.075
-0.085
-0.11
-0.13
-0.13
-0.17
-0.195
-0.225
-0.22
-0.22
-0.215
-0.195
-0.21
-0.195
-0.2
-0.19
-0.195
-0.19
-0.195
-0.18
-0.185
-0.185
-0.19
-0.19
-0.185
-0.155
-0.145
-0.075
-0.005
0.05
0.105
0.105
0.13
0.13
0.125
0.11
0.01
-0.245
-0.475
-0.65
-0.825
-0.9
-0.905
-0.88
-0.785
-0.62
-0.415
-0.225
-0.115
-0.105
-0.11
-0.11
-0.1
-0.08
-0.085
-0.075
-0.075
-0.06
-0.045
-0.05
-0.06
-0.055
-0.055
-0.04
-0.04
-0.02
-0.02
0
-0.015
-0.005
-0.01
-0.005
0.005
-0.005
0
0.05
0.06
0.07
0.08
0.07
0.055
0.085
0.095
0.12
0.115
0.13
0.145
0.155
0.16
0.17
0.175
0.165
0.195
0.2
0.22
0.21
0.19
0.195
0.185
0.16
0.15
0.14
0.12
0.105
0.11
0.105
0.1
0.085
0.075
0.085
0.075
0.075
0.085
0.09
0.075
0.095
0.095
0.1
0.08
0.085
0.09
0.09
0.085
0.1
0.095
0.09
0.095
0.105
0.085
0.1
0.07
0.08
0.08
0.09
0.11
0.1
0.085
0.105
0.11
0.115
0.145
0.125
0.135
0.175
0.225
0.245
0.255
0.285
0.295
0.3
0.31
0.27
0.235
0.215
0.18
0.165
0.12
0.105
0.075
0.075
0.085
0.07
0.06
0.06
0.09
0.075
0.055
0.06
0.06
0.065
0.07
0.07
0.055
0.055
0.055
0.05
0.065
0.085
0.115
0.15
0.2
0.255
0.305
0.365
0.38
0.38
0.385
0.375
0.3
0.06
-0.215
-0.42
-0.565
-0.655
-0.67
-0.68
-0.62
-0.515
-0.31
-0.14
-0.02
0.035
0.045
0.04
0.045
0.065
0.06
0.075
0.085
0.08
0.055
0.06
0.07
0.065
0.06
0.085
0.09
0.08
0.085
0.09
0.085
0.07
0.105
0.09
0.08
0.115
0.115
0.13
0.135
0.13
0.135
0.145
0.14
0.14
0.15
0.175
0.165
0.2
0.195
0.185
0.185
0.18
0.195
0.205
0.22
0.245
0.235
0.24
0.225
0.23
0.21
0.19
0.18
0.17
0.155
0.135
0.15
0.15
0.135
0.11
0.11
0.105
0.11
0.105
0.08
0.13
0.1
0.085
0.095
0.09
0.085
0.09
0.08
0.07
0.085
0.075
0.08
0.07
0.075
0.07
0.055
0.065
0.06
0.055
0.085
0.055
0.07
0.075
0.07
0.075
0.1
0.095
0.085
0.12
0.155
0.175
0.205
0.225
0.22
0.22
0.225
0.21
0.205
0.185
0.16
0.125
0.09
0.075
0.02
0.01
0.01
0
0
-0.01
-0.01
-0.05
-0.045
-0.03
-0.025
-0.035
-0.03
-0.025
-0.05
-0.06
-0.03
-0.06
-0.06
-0.06
-0.045
-0.025
-0.005
0.065
0.12
0.15
0.205
0.23
0.215
0.225
0.23
0.205
0.025
-0.25
-0.48
-0.67
-0.815
-0.86
-0.88
-0.805
-0.66
-0.455
-0.28
-0.13
-0.075
-0.09
-0.09
-0.06
-0.08
-0.055
-0.06
-0.045
-0.05
-0.045
-0.06
-0.045
-0.04
-0.005
-0.015
-0.015
-0.005
-0.01
0
0
0
0.02
0.015
0.015
0.015
0.015
0.025
0.02
0.045
0.045
0.055
0.07
0.07
0.08
0.085
0.105
0.115
0.13
0.135
0.125
0.135
0.135
0.15
0.155
0.155
0.185
0.15
0.155
0.145
0.115
0.115
0.11
0.08
0.07
0.08
0.075
0.07
0.055
0.055
0.05
0.06
0.04
0.04
0.045
0.045
0.05
0.045
0.045
0.04
0.03
0.025
0.04
0.04
0.06
0.025
0.04
0.035
0.035
0.03
0.04
0.035
0.035
0.025
0.02
0.025
0.03
0.025
0.035
0.045
0.055
0.06
0.06
0.07
0.085
0.095
0.095
0.11
0.115
0.13
0.155
0.22
0.225
0.225
0.23
0.235
0.24
0.235
0.2
0.2
0.175
0.12
0.09
0.085
0.075
0.055
0.035
0.055
0.015
0.015
0.02
0.015
0.015
0.01
0.005
0.015
0
0.005
-0.005
0
0
0
0
0.005
0.01
0.055
0.12
0.19
0.25
0.305
0.31
0.3
0.275
0.27
0.19
-0.04
-0.265
-0.46
-0.64
-0.76
-0.79
-0.775
-0.72
-0.56
-0.34
-0.155
-0.055
-0.02
-0.005
-0.01
-0.03
-0.015
0
0.015
0.015
0.01
0.005
0.005
0
0.01
0.005
0.015
0
0.01
0.025
0.025
0.03
0.035
0.025
0.025
0.02
0.045
0.045
0.025
0.05
0.05
0.05
0.05
0.07
0.085
0.07
0.085
0.085
0.095
0.12
0.13
0.135
0.13
0.135
0.125
0.115
0.14
0.135
0.135
0.105
0.11
0.095
0.065
0.06
0.03
0.005
0
0.015
0
-0.005
-0.005
-0.025
-0.02
-0.04
-0.05
-0.055
-0.045
-0.05
-0.04
-0.06
-0.065
-0.06
-0.08
-0.085
-0.06
-0.08
-0.055
-0.055
-0.08
-0.075
-0.1
-0.095
-0.085
-0.08
-0.115
-0.105
-0.08
-0.09
-0.105
-0.105
-0.105
-0.115
-0.11
-0.12
-0.11
-0.095
-0.08
-0.07
-0.06
-0.07
-0.075
-0.045
0.005
0.025
0.025
0.035
0.01
0.015
0.02
-0.015
-0.03
-0.05
-0.085
-0.12
-0.13
-0.145
-0.175
-0.2
-0.185
-0.19
-0.195
-0.21
-0.215
-0.21
-0.23
-0.22
-0.225
-0.22
-0.235
-0.25
-0.245
-0.26
-0.245
-0.255
-0.25
-0.24
-0.22
-0.175
-0.15
-0.095
-0.075
-0.05
-0.055
-0.06
-0.095
-0.12
-0.205
-0.39
-0.59
-0.735
-0.85
-0.955
-0.98
-0.965
-0.915
-0.79
-0.655
-0.505
-0.42
-0.39
-0.365
-0.395
-0.38
-0.37
-0.385
-0.385
-0.38
-0.365
-0.38
-0.365
-0.36
-0.39
-0.395
-0.38
-0.395
-0.39
-0.39
-0.375
-0.39
-0.39
-0.385
-0.375
-0.38
-0.38
-0.38
-0.4
-0.395
-0.41
-0.41
-0.415
-0.41
-0.4
-0.41
-0.43
-0.43
-0.42
-0.405
-0.41
-0.415
-0.41
-0.425
-0.435
-0.42
-0.43
-0.42
-0.435
-0.44
-0.455
-0.46
-0.485
-0.5
-0.515
-0.525
-0.545
-0.555
-0.555
-0.56
-0.585
-0.585
-0.6
-0.615
-0.615
-0.605
-0.615
-0.625
-0.635
-0.66
-0.65
-0.645
-0.65
-0.635
-0.645
-0.64
-0.66
-0.665
-0.675
-0.69
-0.69
-0.67
-0.67
-0.66
-0.69
-0.7
-0.68
-0.705
-0.695
-0.7
-0.725
-0.715
-0.725
-0.705
-0.7
-0.715
-0.71
-0.735
-0.725
-0.71
-0.705
-0.695
-0.685
-0.66
-0.685
-0.675
-0.665
-0.64
-0.615
-0.595
-0.605
-0.61
-0.6
-0.625
-0.63
-0.67
-0.68
-0.695
-0.71
-0.725
-0.76
-0.79
-0.78
-0.8
-0.805
-0.8
-0.8
-0.845
-0.835
-0.83
-0.855
-0.855
-0.85
-0.85
-0.885
-0.9
-0.895
-0.88
-0.875
-0.885
-0.86
-0.85
-0.84
-0.8
-0.765
-0.76
-0.76
-0.78
-0.815
-0.86
-0.905
-1.02
-1.17
-1.33
-1.47
-1.615
-1.7
-1.745
-1.745
-1.715
-1.61
-1.53
-1.42
-1.34
-1.305
-1.295
-1.295
-1.3
-1.31
-1.33
-1.32
-1.32
-1.335
-1.36
-1.36
-1.395
-1.38
-1.38
-1.395
-1.4
-1.415
-1.41
-1.41
-1.415
-1.41
-1.415
-1.395
-1.38
-1.385
-1.395
-1.385
-1.35
-1.355
-1.36
-1.355
-1.36
-1.37
-1.35
-1.345
-1.35
-1.35
-1.405
-1.41
-1.39
-1.345
-1.32
-1.3
-1.31
-1.28
-1.285
-1.325
-1.34
-1.35
-1.34
-1.345
-1.36
-1.37
-1.38
-1.4
-1.39
-1.41
-1.425
-1.44
-1.45
-1.455
-1.46
-1.495
-1.51
-1.52
-1.515
-1.5
-1.465
-1.465
-1.47
-1.515
-1.535
-1.5
-1.49
-1.48
-1.475
-1.54
-1.535
-1.505
-1.48
-1.44
-1.435
-1.45
-1.465
-1.46
-1.475
-1.465
-1.405
-1.39
-1.38
-1.395
-1.395
-1.425
-1.44
-1.45
-1.415
-1.33
-1.23
-1.185
-1.155
-1.125
-1.095
-1.105
-1.115
-1.105
-1.11
-1.12
-1.14
-1.16
-1.175
-1.21
-1.22
-1.215
-1.22
-1.235
-1.24
-1.225
-1.24
-1.235
-1.215
-1.21
-1.22
-1.205
-1.205
-1.21
-1.21
-1.18
-1.205
-1.2
-1.18
-1.16
-1.165
-1.135
-1.105
-1.065
-1.02
-0.99
-0.955
-0.915
-0.905
-0.905
-0.88
-0.885
-0.99
-1.18
-1.41
-1.585
-1.685
-1.75
-1.77
-1.75
-1.72
-1.6
-1.47
-1.325
-1.225
-1.155
-1.145
-1.145
-1.12
-1.13
-1.125
-1.13
-1.105
-1.12
-1.14
-1.145
-1.14
-1.16
-1.17
-1.165
-1.16
-1.17
-1.165
-1.185
-1.185
-1.175
-1.17
-1.2
-1.17
-1.185
-1.175
-1.15
-1.165
-1.155
-1.135
-1.155
-1.12
-1.125
-1.13
-1.11
-1.12
-1.12
-1.125
-1.115
-1.105
-1.11
-1.11
-1.085
-1.09
-1.1
-1.095
-1.085
-1.075
-1.08
-1.085
-1.095
-1.115
-1.14
-1.16
-1.165
-1.18
-1.175
-1.2
-1.195
-1.195
-1.2
-1.2
-1.205
-1.22
-1.22
-1.205
-1.225
-1.24
-1.26
-1.3
-1.295
-1.29
-1.295
-1.33
-1.345
-1.33
-1.34
-1.36
-1.35
-1.375
-1.375
-1.38
-1.39
-1.385
-1.395
-1.385
-1.36
-1.365
-1.365
-1.38
-1.375
-1.38
-1.38
-1.375
-1.375
-1.37
-1.37
-1.355
-1.365
-1.35
-1.33
-1.305
-1.27
-1.25
-1.235
-1.22
-1.225
-1.19
-1.2
-1.2
-1.195
-1.215
-1.235
-1.28
-1.28
-1.31
-1.335
-1.35
-1.37
-1.35
-1.37
-1.375
-1.37
-1.385
-1.385
-1.39
-1.4
-1.405
-1.41
-1.415
-1.415
-1.425
-1.435
-1.425
-1.41
-1.43
-1.395
-1.38
-1.35
-1.325
-1.295
-1.28
-1.25
-1.245
-1.25
-1.265
-1.28
-1.33
-1.395
-1.55
-1.705
-1.835
-1.92
-1.96
-1.985
-1.955
-1.885
-1.8
-1.695
-1.595
-1.515
-1.47
-1.46
-1.44
-1.42
-1.41
-1.395
-1.395
-1.41
-1.39
-1.38
-1.395
-1.395
-1.385
-1.395
-1.39
-1.385
-1.36
-1.365
-1.36
-1.37
-1.36
-1.355
-1.355
-1.335
-1.335
-1.33
-1.335
-1.31
-1.325
-1.32
-1.32
-1.32
-1.3
-1.3
-1.29
-1.29
-1.27
-1.25
-1.26
-1.255
-1.275
-1.26
-1.255
-1.22
-1.235
-1.21
-1.215
-1.235
-1.245
-1.235
-1.265
-1.26
-1.275
-1.29
-1.32
-1.33
-1.36
-1.39
-1.38
-1.375
-1.39
-1.375
-1.365
-1.385
-1.375
-1.37
-1.395
-1.42
-1.405
-1.405
-1.4
-1.4
-1.4
-1.43
-1.42
-1.42
-1.41
-1.43
-1.425
-1.43
-1.435
-1.435
-1.43
-1.445
-1.45
-1.465
-1.44
-1.42
-1.44
-1.425
-1.415
-1.42
-1.415
-1.405
-1.41
-1.405
-1.37
-1.35
-1.355
-1.32
-1.28
-1.26
-1.23
-1.24
-1.235
-1.225
-1.245
-1.26
-1.305
-1.31
-1.33
-1.36
-1.36
-1.405
-1.42
-1.46
-1.455
-1.46
-1.445
-1.435
-1.44
-1.42
-1.45
-1.44
-1.435
-1.465
-1.46
-1.445
-1.44
-1.42
-1.425
-1.42
-1.415
-1.385
-1.37
-1.33
-1.26
-1.22
-1.18
-1.165
-1.125
-1.09
-1.07
-1.085
-1.16
-1.35
-1.595
-1.785
-1.895
-1.99
-2.035
-2.015
-1.96
-1.835
-1.66
-1.505
-1.385
-1.33
-1.335
-1.34
-1.345
-1.325
-1.33
-1.325
-1.3
-1.31
-1.28
-1.265
-1.275
-1.285
-1.295
-1.28
-1.27
-1.265
-1.255
-1.255
-1.25
-1.255
-1.225
-1.22
-1.22
-1.21
-1.215
-1.22
-1.195
-1.17
-1.16
-1.125
-1.11
-1.145
-1.13
-1.09
-1.075
-1.06
-1.055
-1.065
-1.035
-1.03
-1.02
-0.985
-0.955
-0.955
-0.94
-0.955
-0.97
-0.955
-0.945
-0.97
-0.985
-0.995
-1
-1.035
-1.03
-1.015
-1.015
-0.99
-1.015
-1.05
-1.045
-1.035
-1.03
-1.02
-1.005
-0.995
-0.995
-1.005
-0.985
-0.995
-0.995
-1
-0.99
-0.985
-0.98
-0.965
-0.98
-0.96
-0.96
-0.955
-0.96
-0.955
-0.94
-0.93
-0.91
-0.875
-0.9
-0.89
-0.885
-0.86
-0.86
-0.835
-0.82
-0.795
-0.785
-0.78
-0.76
-0.765
-0.74
-0.69
-0.665
-0.625
-0.59
-0.575
-0.58
-0.595
-0.605
-0.63
-0.64
-0.655
-0.67
-0.69
-0.715
-0.74
-0.755
-0.755
-0.76
-0.775
-0.77
-0.755
-0.76
-0.755
-0.755
-0.735
-0.745
-0.76
-0.745
-0.72
-0.74
-0.705
-0.695
-0.68
-0.67
-0.65
-0.59
-0.54
-0.47
-0.415
-0.38
-0.33
-0.32
-0.335
-0.315
-0.315
-0.475
-0.76
-0.96
-1.125
-1.225
-1.3
-1.28
-1.24
-1.115
-0.92
-0.72
-0.55
-0.45
-0.415
-0.385
-0.38
-0.355
-0.335
-0.315
-0.305
-0.29
-0.27
-0.26
-0.25
-0.235
-0.245
-0.23
-0.22
-0.215
-0.2
-0.18
-0.16
-0.135
-0.13
-0.125
-0.105
-0.095
-0.1
-0.065
-0.075
-0.06
-0.05
-0.05
-0.025
-0.01
0.005
0.025
0.02
0.03
0.025
0.055
0.07
0.045
0.07
0.08
0.08
0.105
0.12
0.13
0.14
0.15
0.145
0.145
0.15
0.14
0.115
0.12
0.115
0.12
0.105
0.13
0.125
0.135
0.15
0.14
0.14
0.14
0.13
0.12
0.14
0.155
0.135
0.145
0.135
0.14
0.135
0.13
0.135
0.15
0.14
0.135
0.145
0.135
0.15
0.15
0.16
0.16
0.165
0.165
0.19
0.18
0.195
0.195
0.185
0.215
0.22
0.24
0.255
0.29
0.275
0.32
0.355
0.4
0.415
0.42
0.44
0.45
0.44
0.44
0.415
0.39
0.35
0.335
0.31
0.3
0.29
0.285
0.27
0.28
0.275
0.265
0.235
0.25
0.25
0.25
0.275
0.27
0.27
0.26
0.27
0.265
0.28
0.275
0.29
0.29
0.285
0.355
0.39
0.45
0.51
0.56
0.585
0.585
0.58
0.6
0.535
0.305
0.05
-0.155
-0.305
-0.435
-0.445
-0.455
-0.395
-0.255
-0.06
0.115
0.24
0.285
0.29
0.3
0.285
0.305
0.32
0.325
0.325
0.33
0.345
0.33
0.345
0.34
0.37
0.375
0.385
0.395
0.4
0.42
0.42
0.415
0.415
0.41
0.405
0.43
0.455
0.45
0.46
0.465
0.455
0.47
0.485
0.51
0.505
0.51
0.515
0.535
0.53
0.54
0.56
0.555
0.57
0.575
0.585
0.585
0.6
0.6
0.605
0.575
0.555
0.58
0.575
0.57
0.56
0.535
0.515
0.525
0.51
0.515
0.52
0.51
0.505
0.51
0.525
0.53
0.515
0.515
0.515
0.525
0.53
0.55
0.545
0.53
0.54
0.56
0.565
0.58
0.57
0.605
0.6
0.61
0.61
0.63
0.65
0.66
0.655
0.635
0.655
0.665
0.685
0.71
0.72
0.735
0.77
0.795
0.79
0.795
0.825
0.855
0.885
0.935
0.98
0.95
0.965
0.995
0.985
0.98
0.96
0.94
0.905
0.905
0.88
0.865
0.855
0.83
0.84
0.83
0.83
0.815
0.83
0.84
0.83
0.835
0.835
0.825
0.83
0.83
0.83
0.845
0.835
0.825
0.82
0.83
0.835
0.89
0.955
1.025
1.065
1.095
1.11
1.095
1.1
1.1
0.97
0.71
0.445
0.27
0.115
0.035
0.04
0.065
0.155
0.3
0.465
0.635
0.745
0.77
0.77
0.76
0.76
0.77
0.75
0.735
0.75
0.765
0.77
0.775
0.765
0.76
0.76
0.755
0.76
0.76
0.76
0.765
0.76
0.76
0.77
0.765
0.775
0.77
0.79
0.77
0.795
0.815
0.805
0.81
0.8
0.805
0.82
0.815
0.805
0.835
0.825
0.835
0.84
0.845
0.855
0.85
0.855
0.85
0.84
0.865
0.87
0.84
0.84
0.815
0.795
0.785
0.755
0.745
0.735
0.73
0.735
0.725
0.71
0.71
0.7
0.71
0.695
0.68
0.675
0.645
0.69
0.675
0.685
0.675
0.705
0.7
0.675
0.65
0.65
0.64
0.65
0.66
0.65
0.635
0.63
0.63
0.625
0.615
0.63
0.63
0.595
0.625
0.63
0.62
0.625
0.62
0.63
0.645
0.695
0.7
0.725
0.75
0.76
0.775
0.75
0.74
0.705
0.69
0.67
0.64
0.6
0.575
0.56
0.525
0.48
0.46
0.475
0.485
0.45
0.46
0.44
0.42
0.43
0.41
0.4
0.41
0.4
0.385
0.385
0.395
0.395
0.365
0.37
0.405
0.44
0.505
0.57
0.615
0.645
0.665
0.665
0.675
0.675
0.575
0.315
0.04
-0.14
-0.295
-0.35
-0.395
-0.385
-0.325
-0.205
-0.04
0.085
0.18
0.21
0.21
0.23
0.22
0.21
0.215
0.21
0.205
0.205
0.2
0.195
0.19
0.19
0.185
0.185
0.185
0.19
0.195
0.18
0.18
0.195
0.21
0.185
0.18
0.175
0.185
0.185
0.215
0.215
0.19
0.195
0.19
0.175
0.165
0.175
0.175
0.19
0.205
0.19
0.2
0.2
0.215
0.205
0.18
0.195
0.195
0.185
0.175
0.165
0.15
0.13
0.12
0.09
0.055
0.05
0.04
0.015
0.015
0.005
-0.015
-0.015
-0.02
-0.025
-0.045
-0.04
-0.05
-0.04
-0.075
-0.025
-0.045
-0.075
-0.08
-0.075
-0.075
-0.09
-0.08
-0.085
-0.095
-0.095
-0.08
-0.11
-0.125
-0.115
-0.125
-0.13
-0.12
-0.13
-0.135
-0.095
-0.115
-0.13
-0.135
-0.12
-0.11
-0.095
-0.08
-0.065
-0.04
0.015
0.02
0.03
0.03
0.045
0.035
0.035
0
-0.025
-0.045
-0.075
-0.09
-0.12
-0.135
-0.175
-0.16
-0.195
-0.21
-0.18
-0.19
-0.19
-0.2
-0.19
-0.21
-0.205
-0.2
-0.19
-0.2
-0.195
-0.21
-0.21
-0.22
-0.225
-0.21
-0.155
-0.08
-0.02
0.035
0.095
0.115
0.11
0.1
0.115
0.105
-0.05
-0.305
-0.52
-0.71
-0.87
-0.96
-0.98
-0.96
-0.85
-0.695
-0.53
-0.37
-0.27
-0.255
-0.25
-0.245
-0.24
-0.235
-0.23
-0.21
-0.205
-0.215
-0.205
-0.195
-0.195
-0.205
-0.215
-0.195
-0.185
-0.18
-0.175
-0.155
-0.16
-0.15
-0.175
-0.155
-0.13
-0.125
-0.105
-0.115
-0.1
-0.085
-0.08
-0.075
-0.05
-0.045
-0.045
-0.05
-0.03
-0.01
0
0
0.025
0.025
0.01
0.025
0.03
0.03
0.01
0.05
0.035
0.03
0.025
0.01
0.01
0.005
-0.01
-0.03
-0.02
-0.015
-0.04
-0.05
-0.05
-0.06
-0.075
-0.085
-0.055
-0.055
-0.055
-0.045
-0.03
-0.055
-0.07
-0.07
-0.07
-0.075
-0.07
-0.055
-0.07
-0.04
-0.05
-0.05
-0.06
-0.05
-0.065
-0.07
-0.055
-0.055
-0.05
-0.075
-0.055
-0.04
-0.04
-0.03
-0.025
-0.005
0.015
0.04
0.085
0.1
0.115
0.125
0.11
0.13
0.145
0.11
0.085
0.065
0.02
0
-0.01
-0.03
-0.055
-0.065
-0.06
-0.065
-0.075
-0.065
-0.08
-0.055
-0.05
-0.045
-0.035
-0.04
-0.04
-0.04
-0.04
-0.055
-0.04
-0.035
-0.04
-0.03
0.01
0.07
0.135
0.21
0.275
0.305
0.33
0.315
0.33
0.33
0.215
-0.075
-0.285
-0.48
-0.62
-0.71
-0.715
-0.71
-0.61
-0.45
-0.285
-0.15
-0.08
-0.04
-0.04
-0.04
-0.04
-0.04
-0.055
-0.045
-0.03
-0.025
-0.025
-0.04
-0.015
-0.035
0
0
0.025
0.035
0.045
0.055
0.045
0.075
0.095
0.09
0.11
0.115
0.115
0.145
0.14
0.135
0.14
0.155
0.19
0.175
0.21
0.19
0.18
0.2
0.22
0.235
0.22
0.255
0.275
0.25
0.27
0.27
0.29
0.305
0.305
0.32
0.325
0.315
0.31
0.305
0.26
0.29
0.295
0.3
0.315
0.35
0.335
0.345
0.335
0.33
0.325
0.34
0.375
0.365
0.37
0.365
0.37
0.375
0.365
0.375
0.39
0.39
0.405
0.4
0.4
0.39
0.41
0.375
0.355
0.36
0.355
0.37
0.375
0.375
0.395
0.38
0.4
0.385
0.39
0.395
0.405
0.435
0.475
0.485
0.51
0.515
0.53
0.52
0.5
0.485
0.48
0.445
0.45
0.425
0.405
0.39
0.375
0.36
0.355
0.325
0.345
0.35
0.365
0.36
0.355
0.345
0.345
0.335
0.33
0.335
0.335
0.34
0.33
0.36
0.335
0.33
0.35
0.405
0.445
0.52
0.57
0.605
0.62
0.62
0.62
0.615
0.57
0.35
0.17
-0.005
-0.2
-0.34
-0.39
-0.4
-0.315
-0.175
0.01
0.165
0.27
0.33
0.325
0.34
0.32
0.33
0.325
0.335
0.33
0.33
0.35
0.34
0.35
0.35
0.325
0.335
0.33
0.335
0.325
0.345
0.33
0.37
0.355
0.355
0.38
0.37
0.36
0.38
0.36
0.37
0.4
0.37
0.375
0.385
0.375
0.38
0.37
0.395
0.39
0.395
0.405
0.415
0.42
0.425
0.41
0.4
0.41
0.41
0.425
0.415
0.405
0.41
0.395
0.38
0.37
0.355
0.34
0.33
0.34
0.345
0.33
0.32
0.3
0.295
0.31
0.305
0.3
0.31
0.335
0.325
0.31
0.315
0.31
0.32
0.295
0.305
0.29
0.3
0.305
0.31
0.3
0.3
0.305
0.31
0.315
0.315
0.325
0.335
0.335
0.34
0.34
0.345
0.345
0.365
0.36
0.41
0.43
0.445
0.455
0.445
0.445
0.45
0.44
0.445
0.435
0.425
0.385
0.375
0.365
0.36
0.34
0.335
0.315
0.305
0.31
0.315
0.315
0.32
0.315
0.325
0.325
0.335
0.31
0.325
0.315
0.33
0.315
0.315
0.315
0.33
0.365
0.385
0.41
0.46
0.5
0.52
0.515
0.525
0.54
0.53
0.43
0.25
0.07
-0.09
-0.265
-0.325
-0.345
-0.295
-0.195
-0.025
0.115
0.215
0.275
0.31
0.295
0.3
0.315
0.33
0.325
0.33
0.35
0.345
0.335
0.355
0.35
0.35
0.35
0.365
0.36
0.37
0.365
0.37
0.365
0.385
0.38
0.38
0.4
0.405
0.405
0.4
0.4
0.405
0.415
0.43
0.415
0.45
0.44
0.455
0.435
0.435
0.435
0.44
0.445
0.455
0.455
0.455
0.45
0.455
0.45
0.445
0.445
0.465
0.46
0.445
0.435
0.43
0.43
0.43
0.41
0.385
0.395
0.385
0.4
0.38
0.41
0.4
0.39
0.375
0.365
0.38
0.385
0.39
0.38
0.365
0.39
0.38
0.38
0.375
0.385
0.38
0.375
0.375
0.37
0.38
0.38
0.37
0.37
0.38
0.385
0.375
0.4
0.375
0.385
0.38
0.405
0.405
0.435
0.44
0.43
0.435
0.43
0.45
0.45
0.425
0.42
0.41
0.39
0.365
0.345
0.355
0.335
0.32
0.31
0.325
0.31
0.32
0.315
0.295
0.315
0.305
0.33
0.29
0.32
0.33
0.315
0.305
0.305
0.3
0.3
0.315
0.325
0.365
0.39
0.44
0.465
0.47
0.48
0.46
0.48
0.475
0.34
0.18
0.05
-0.08
-0.21
-0.32
-0.42
-0.485
-0.495
-0.405
-0.32
-0.145
0.045
0.195
0.255
0.28
0.285
0.3
0.295
0.31
0.315
0.31
0.32
0.325
0.305
0.32
0.31
0.305
0.315
0.335
0.345
0.335
0.34
0.34
0.33
0.325
0.345
0.34
0.355
0.34
0.355
0.36
0.37
0.375
0.37
0.355
0.38
0.375
0.37
0.375
0.39
0.37
0.385
0.38
0.375
0.4
0.39
0.41
0.39
0.39
0.38
0.395
0.395
0.37
0.36
0.355
0.34
0.35
0.335
0.335
0.325
0.355
0.315
0.33
0.315
0.315
0.32
0.315
0.325
0.305
0.31
0.315
0.3
0.285
0.3
0.305
0.28
0.28
0.315
0.295
0.295
0.285
0.285
0.275
0.29
0.3
0.3
0.28
0.27
0.29
0.285
0.31
0.31
0.305
0.335
0.315
0.335
0.365
0.385
0.395
0.39
0.385
0.39
0.41
0.4
0.38
0.37
0.355
0.35
0.335
0.305
0.295
0.285
0.275
0.285
0.27
0.26
0.26
0.26
0.28
0.265
0.255
0.27
0.255
0.26
0.25
0.28
0.26
0.245
0.26
0.245
0.26
0.295
0.345
0.37
0.4
0.43
0.43
0.435
0.425
0.425
0.31
0.115
-0.05
-0.24
-0.4
-0.495
-0.51
-0.495
-0.385
-0.225
-0.03
0.12
0.215
0.225
0.24
0.25
0.25
0.25
0.24
0.245
0.24
0.25
0.245
0.24
0.245
0.26
0.285
0.25
0.235
0.25
0.275
0.255
0.28
0.28
0.275
0.255
0.275
0.275
0.275
0.285
0.305
0.285
0.295
0.29
0.295
0.295
0.29
0.3
0.29
0.31
0.315
0.335
0.33
0.33
0.34
0.33
0.33
0.33
0.335
0.335
0.335
0.34
0.315
0.295
0.305
0.275
0.275
0.255
0.26
0.26
0.25
0.24
0.23
0.235
0.225
0.21
0.23
0.225
0.24
0.21
0.245
0.24
0.23
0.225
0.215
0.205
0.205
0.21
0.2
0.18
0.19
0.19
0.19
0.17
0.18
0.18
0.18
0.185
0.185
0.17
0.18
0.17
0.17
0.175
0.19
0.195
0.19
0.2
0.215
0.23
0.295
0.3
0.29
0.315
0.315
0.3
0.31
0.28
0.285
0.26
0.245
0.225
0.21
0.19
0.195
0.19
0.18
0.16
0.17
0.145
0.155
0.165
0.135
0.135
0.15
0.13
0.14
0.11
0.145
0.155
0.145
0.145
0.13
0.16
0.185
0.225
0.27
0.285
0.33
0.35
0.335
0.345
0.35
0.305
0.13
-0.075
-0.19
-0.31
-0.415
-0.51
-0.57
-0.58
-0.495
-0.32
-0.15
0.03
0.115
0.13
0.14
0.135
0.13
0.135
0.13
0.12
0.13
0.14
0.12
0.12
0.145
0.135
0.15
0.14
0.135
0.13
0.13
0.13
0.15
0.16
0.155
0.18
0.175
0.175
0.18
0.19
0.19
0.2
0.205
0.2
0.2
0.215
0.22
0.21
0.21
0.22
0.215
0.215
0.23
0.235
0.24
0.245
0.27
0.245
0.28
0.305
0.3
0.295
0.29
0.27
0.275
0.26
0.255
0.235
0.245
0.23
0.23
0.225
0.215
0.23
0.21
0.21
0.205
0.215
0.22
0.195
0.225
0.215
0.205
0.195
0.22
0.22
0.215
0.225
0.23
0.195
0.21
0.195
0.2
0.2
0.19
0.195
0.175
0.185
0.2
0.2
0.195
0.2
0.2
0.195
0.2
0.21
0.21
0.2
0.22
0.235
0.28
0.3
0.305
0.295
0.315
0.305
0.275
0.27
0.26
0.235
0.215
0.195
0.18
0.17
0.17
0.14
0.13
0.145
0.15
0.115
0.11
0.135
0.13
0.12
0.13
0.125
0.125
0.12
0.115
0.115
0.115
0.115
0.12
0.135
0.18
0.25
0.285
0.325
0.33
0.34
0.335
0.335
0.305
0.215
-0.025
-0.245
-0.405
-0.545
-0.635
-0.62
-0.6
-0.525
-0.395
-0.215
-0.075
0.025
0.09
0.05
0.07
0.07
0.065
0.06
0.075
0.085
0.07
0.08
0.09
0.09
0.07
0.085
0.065
0.07
0.075
0.065
0.095
0.08
0.1
0.09
0.09
0.08
0.075
0.075
0.08
0.11
0.085
0.115
0.105
0.12
0.13
0.125
0.115
0.13
0.12
0.125
0.115
0.13
0.15
0.155
0.155
0.165
0.155
0.155
0.165
0.16
0.17
0.16
0.13
0.115
0.11
0.09
0.09
0.06
0.045
0.06
0.055
0.05
0.045
0.03
0.03
0.025
0.015
0.01
0.03
0.02
0.025
0.01
0
0.02
0
0.005
-0.005
-0.03
-0.015
-0.035
-0.005
-0.015
-0.015
-0.005
-0.01
-0.04
-0.035
-0.045
-0.02
-0.03
-0.03
-0.04
-0.025
0.01
-0.01
-0.01
-0.005
0.005
0.045
0.085
0.1
0.09
0.095
0.1
0.09
0.075
0.05
0.04
0.04
0
0.005
-0.04
-0.065
-0.06
-0.09
-0.08
-0.095
-0.1
-0.095
-0.115
-0.09
-0.105
-0.1
-0.105
-0.115
-0.12
-0.135
-0.125
-0.11
-0.1
-0.125
-0.1
-0.105
-0.045
0
0.06
0.115
0.15
0.185
0.17
0.155
0.175
0.085
-0.145
-0.39
-0.585
-0.795
-0.925
-0.955
-0.96
-0.84
-0.675
-0.465
-0.29
-0.185
-0.135
-0.135
-0.155
-0.15
-0.15
-0.16
-0.15
-0.15
-0.14
-0.14
-0.12
-0.11
-0.13
-0.12
-0.115
-0.12
-0.11
-0.11
-0.1
-0.11
-0.09
-0.09
-0.12
-0.085
-0.095
-0.08
-0.07
-0.075
-0.065
-0.065
-0.065
-0.06
-0.065
-0.055
-0.065
-0.04
-0.05
-0.045
-0.045
-0.025
-0.02
-0.02
-0.04
-0.04
-0.03
-0.03
-0.015
-0.04
-0.045
-0.02
-0.04
-0.05
-0.055
-0.09
-0.1
-0.11
-0.11
-0.135
-0.14
-0.125
-0.15
-0.15
-0.155
-0.14
-0.145
-0.175
-0.185
-0.15
-0.165
-0.17
-0.185
-0.155
-0.15
-0.145
-0.155
-0.17
-0.16
-0.16
-0.155
-0.155
-0.17
-0.175
-0.185
-0.17
-0.17
-0.185
-0.175
-0.185
-0.175
-0.175
-0.15
-0.14
-0.14
-0.145
-0.15
-0.15
-0.125
-0.075
-0.045
0
0.005
-0.01
0.01
-0.01
-0.03
-0.035
-0.07
-0.09
-0.12
-0.145
-0.16
-0.18
-0.2
-0.225
-0.24
-0.23
-0.21
-0.21
-0.23
-0.215
-0.215
-0.24
-0.24
-0.245
-0.25
-0.245
-0.245
-0.245
-0.24
-0.245
-0.23
-0.215
-0.175
-0.12
-0.04
0.02
0.095
0.105
0.1
0.085
0.11
0.06
-0.145
-0.415
-0.635
-0.865
-1.04
-1.115
-1.09
-1.01
-0.86
-0.665
-0.465
-0.345
-0.285
-0.285
-0.3
-0.3
-0.28
-0.27
-0.28
-0.265
-0.27
-0.24
-0.24
-0.25
-0.255
-0.265
-0.25
-0.24
-0.24
-0.245
-0.23
-0.245
-0.24
-0.23
-0.225
-0.21
-0.2
-0.2
-0.21
-0.21
-0.195
-0.195
-0.185
-0.175
-0.17
-0.165
-0.16
-0.155
-0.155
-0.13
-0.16
-0.16
-0.14
-0.125
-0.13
-0.12
-0.11
-0.105
-0.135
-0.115
-0.135
-0.135
-0.155
-0.18
-0.17
-0.19
-0.195
-0.205
-0.22
-0.24
-0.24
-0.24
-0.235
-0.24
-0.235
-0.245
-0.255
-0.265
-0.26
-0.265
-0.27
-0.25
-0.26
-0.265
-0.255
-0.24
-0.23
-0.25
-0.26
-0.25
-0.245
-0.25
-0.245
-0.26
-0.255
-0.265
-0.255
-0.25
-0.275
-0.265
-0.245
-0.265
-0.275
-0.26
-0.26
-0.25
-0.255
-0.225
-0.205
-0.215
-0.2
-0.195
-0.165
-0.12
-0.08
-0.05
-0.06
-0.045
-0.07
-0.065
-0.08
-0.095
-0.11
-0.13
-0.175
-0.195
-0.225
-0.25
-0.265
-0.275
-0.26
-0.255
-0.28
-0.27
-0.275
-0.28
-0.285
-0.295
-0.295
-0.3
-0.305
-0.28
-0.305
-0.295
-0.295
-0.28
-0.27
-0.23
-0.19
-0.11
-0.06
0.025
0.09
0.095
0.075
0.06
0.075
-0.06
-0.33
-0.57
-0.795
-1.005
-1.125
-1.155
-1.12
-1
-0.825
-0.61
-0.415
-0.32
-0.3
-0.3
-0.29
-0.305
-0.32
-0.315
-0.3
-0.315
-0.29
-0.29
-0.295
-0.27
-0.29
-0.265
-0.28
-0.275
-0.265
-0.27
-0.27
-0.245
-0.25
-0.235
-0.245
-0.22
-0.22
-0.22
-0.235
-0.22
-0.245
-0.235
-0.19
-0.215
-0.215
-0.205
-0.205
-0.195
-0.185
-0.18
-0.18
-0.145
-0.145
-0.155
-0.145
-0.14
-0.14
-0.14
-0.12
-0.145
-0.16
-0.135
-0.175
-0.2
-0.22
-0.225
-0.225
-0.235
-0.255
-0.26
-0.26
-0.27
-0.26
-0.28
-0.28
-0.28
-0.275
-0.28
-0.29
-0.27
-0.275
-0.29
-0.29
-0.295
-0.295
-0.29
-0.28
-0.28
-0.27
-0.295
-0.29
-0.31
-0.305
-0.295
-0.325
-0.305
-0.275
-0.3
-0.295
-0.305
-0.3
-0.3
-0.295
-0.31
-0.3
-0.3
-0.295
-0.295
-0.28
-0.28
-0.29
-0.285
-0.275
-0.255
-0.255
-0.245
-0.215
-0.2
-0.17
-0.11
-0.105
-0.1
-0.09
-0.08
-0.105
-0.135
-0.155
-0.175
-0.215
-0.25
-0.26
-0.295
-0.315
-0.34
-0.33
-0.33
-0.32
-0.34
-0.33
-0.335
-0.34
-0.35
-0.35
-0.35
-0.35
-0.345
-0.36
-0.36
-0.345
-0.36
-0.35
-0.315
-0.26
-0.18
-0.125
-0.045
0.025
0.05
0.04
0.015
0.035
-0.06
-0.315
-0.585
-0.805
-1.02
-1.15
-1.195
-1.15
-1.08
-0.9
-0.68
-0.51
-0.4
-0.36
-0.365
-0.355
-0.365
-0.35
-0.345
-0.35
-0.32
-0.315
-0.32
-0.295
-0.305
-0.315
-0.315
-0.305
-0.3
-0.31
-0.29
-0.29
-0.29
-0.27
-0.265
-0.265
-0.265
-0.25
-0.245
-0.245
-0.225
-0.23
-0.225
-0.21
-0.195
-0.185
-0.19
-0.185
-0.175
-0.155
-0.155
-0.125
-0.125
-0.115
-0.125
-0.11
-0.12
-0.105
-0.095
-0.085
-0.105
-0.095
-0.11
-0.11
-0.125
-0.14
-0.175
-0.2
-0.185
-0.21
-0.22
-0.215
-0.205
-0.21
-0.225
-0.235
-0.22
-0.23
-0.225
-0.235
-0.22
-0.22
-0.235
-0.235
-0.24
-0.22
-0.225
-0.215
-0.2
-0.2
-0.2
-0.235
-0.24
-0.245
-0.255
-0.23
-0.205
-0.225
-0.215
-0.22
-0.225
-0.215
-0.23
-0.22
-0.235
-0.23
-0.205
-0.19
-0.205
-0.19
-0.17
-0.18
-0.165
-0.16
-0.14
-0.1
-0.045
-0.04
-0.025
-0.005
-0.01
-0.015
-0.03
-0.055
-0.1
-0.115
-0.12
-0.17
-0.165
-0.19
-0.185
-0.235
-0.26
-0.255
-0.24
-0.24
-0.22
-0.22
-0.23
-0.25
-0.26
-0.265
-0.265
-0.265
-0.26
-0.25
-0.26
-0.255
-0.255
-0.21
-0.16
-0.095
-0.055
0.025
0.075
0.1
0.095
0.075
0.08
0
-0.235
-0.52
-0.715
-0.915
-1.04
-1.1
-1.065
-0.99
-0.87
-0.65
-0.44
-0.3
-0.245
-0.24
-0.235
-0.24
-0.21
-0.22
-0.235
-0.22
-0.225
-0.22
-0.19
-0.18
-0.17
-0.18
-0.185
-0.165
-0.16
-0.175
-0.17
-0.165
-0.14
-0.135
-0.135
-0.13
-0.135
-0.13
-0.145
-0.125
-0.135
-0.105
-0.085
-0.085
-0.09
-0.07
-0.07
-0.065
-0.07
-0.055
-0.065
-0.045
-0.04
-0.025
-0.025
-0.01
-0.015
-0.01
-0.005
-0.02
-0.025
-0.035
-0.045
-0.07
-0.08
-0.08
-0.105
-0.12
-0.12
-0.145
-0.14
-0.135
-0.155
-0.135
-0.13
-0.15
-0.14
-0.15
-0.16
-0.15
-0.14
-0.145
-0.135
-0.165
-0.155
-0.185
-0.12
-0.145
-0.135
-0.145
-0.165
-0.17
-0.145
-0.155
-0.15
-0.14
-0.13
-0.135
-0.13
-0.135
-0.115
-0.12
-0.135
-0.15
-0.155
-0.14
-0.14
-0.135
-0.13
-0.12
-0.12
-0.105
-0.08
-0.075
-0.075
-0.035
0
0.035
0.06
0.06
0.065
0.08
0.075
0.035
-0.02
-0.03
-0.055
-0.08
-0.105
-0.125
-0.12
-0.145
-0.155
-0.17
-0.16
-0.17
-0.155
-0.15
-0.16
-0.14
-0.17
-0.185
-0.16
-0.165
-0.16
-0.155
-0.14
-0.14
-0.135
-0.095
-0.065
-0.005
0.05
0.1
0.165
0.19
0.2
0.195
0.205
0.175
0
-0.315
-0.57
-0.755
-0.915
-0.94
-0.935
-0.89
-0.8
-0.6
-0.42
-0.245
-0.15
-0.11
-0.11
-0.12
-0.11
-0.11
-0.085
-0.11
-0.09
-0.09
-0.095
-0.095
-0.075
-0.055
-0.07
-0.07
-0.065
-0.065
-0.06
-0.075
-0.065
-0.065
-0.065
-0.055
-0.045
-0.055
-0.04
-0.04
-0.05
-0.045
-0.045
-0.045
-0.025
-0.03
-0.03
-0.025
-0.02
-0.025
-0.02
0
0.015
0.025
0.03
0.04
0.025
0.01
0.03
0.03
0
0.005
-0.005
-0.015
-0.03
-0.04
-0.055
-0.1
-0.105
-0.115
-0.115
-0.135
-0.16
-0.145
-0.14
-0.12
-0.11
-0.14
-0.15
-0.165
-0.18
-0.17
-0.165
-0.16
-0.175
-0.185
-0.2
-0.2
-0.2
-0.25
-0.235
-0.255
-0.265
-0.255
-0.25
-0.245
-0.245
-0.265
-0.285
-0.295
-0.295
-0.295
-0.31
-0.315
-0.305
-0.285
-0.29
-0.305
-0.31
-0.34
-0.355
-0.34
-0.285
-0.24
-0.215
-0.195
-0.225
-0.21
-0.225
-0.27
-0.3
-0.335
-0.355
-0.4
-0.445
-0.475
-0.51
-0.52
-0.54
-0.56
-0.57
-0.555
-0.575
-0.57
-0.55
-0.535
-0.55
-0.555
-0.545
-0.555
-0.545
-0.545
-0.555
-0.57
-0.565
-0.56
-0.535
-0.49
-0.42
-0.37
-0.325
-0.295
-0.26
-0.23
-0.24
-0.265
-0.35
-0.595
-0.905
-1.115
-1.28
-1.44
-1.48
-1.49
-1.42
-1.31
-1.115
-0.9
-0.765
-0.695
-0.69
-0.69
-0.71
-0.695
-0.71
-0.69
-0.695
-0.7
-0.685
-0.67
-0.7
-0.695
-0.7
-0.71
-0.715
-0.72
-0.695
-0.695
-0.705
-0.705
-0.695
-0.705
-0.715
-0.7
-0.685
-0.685
-0.69
-0.7
-0.7
-0.69
-0.695
-0.675
-0.7
-0.695
-0.66
-0.66
-0.655
-0.625
-0.635
-0.635
-0.64
-0.635
-0.645
-0.635
-0.61
-0.61
-0.64
-0.635
-0.655
-0.655
-0.67
-0.705
-0.745
-0.75
-0.76
-0.765
-0.78
-0.775
-0.78
-0.79
-0.81
-0.835
-0.835
-0.835
-0.845
-0.83
-0.835
-0.845
-0.86
-0.85
-0.865
-0.87
-0.88
-0.875
-0.86
-0.87
-0.88
-0.875
-0.86
-0.875
-0.88
-0.88
-0.895
-0.895
-0.895
-0.885
-0.905
-0.885
-0.895
-0.895
-0.88
-0.89
-0.89
-0.895
-0.85
-0.87
-0.845
-0.83
-0.83
-0.795
-0.765
-0.755
-0.75
-0.74
-0.735
-0.75
-0.77
-0.795
-0.83
-0.87
-0.885
-0.92
-0.925
-0.945
-0.965
-0.99
-0.985
-0.99
-0.995
-1.01
-1.01
-1.03
-1.025
-1
-1.02
-1.02
-1.015
-1.04
-1.035
-1.005
-1.015
-1.005
-0.985
-0.96
-0.925
-0.865
-0.8
-0.765
-0.77
-0.72
-0.76
-0.775
-0.8
-0.915
-1.16
-1.38
-1.56
-1.735
-1.825
-1.845
-1.815
-1.74
-1.57
-1.385
-1.23
-1.14
-1.095
-1.1
-1.11
-1.07
-1.07
-1.06
-1.07
-1.065
-1.075
-1.06
-1.06
-1.04
-1.045
-1.04
-1.045
-1.055
-1.035
-1.05
-1.035
-1.04
-1.03
-1.035
-1.04
-1
-0.995
-1
-1
-0.995
-1.01
-0.995
-0.985
-0.99
-0.97
-0.96
-0.955
-0.955
-0.95
-0.935
-0.93
-0.945
-0.925
-0.935
-0.92
-0.915
-0.9
-0.885
-0.92
-0.91
-0.93
-0.92
-0.96
-0.955
-0.99
-1.005
-1.025
-1.035
-1.03
-1.06
-1.07
-1.08
-1.085
-1.06
-1.065
-1.085
-1.11
-1.085
-1.07
-1.08
-1.095
-1.075
-1.085
-1.07
-1.08
-1.085
-1.075
-1.095
-1.095
-1.075
-1.105
-1.08
-1.08
-1.08
-1.09
-1.09
-1.085
-1.1
-1.085
-1.09
-1.095
-1.1
-1.095
-1.095
-1.075
-1.045
-1.075
-1.055
-1.04
-1.045
-0.995
-0.96
-0.925
-0.91
-0.88
-0.885
-0.895
-0.915
-0.945
-0.975
-1
-1
-1.025
-1.065
-1.08
-1.105
-1.12
-1.13
-1.13
-1.13
-1.14
-1.125
-1.155
-1.165
-1.13
-1.16
-1.155
-1.165
-1.16
-1.17
-1.15
-1.165
-1.175
-1.17
-1.155
-1.15
-1.085
-1.035
-0.965
-0.92
-0.88
-0.855
-0.88
-0.925
-0.97
-1.105
-1.325
-1.53
-1.68
-1.815
-1.925
-1.925
-1.88
-1.815
-1.645
-1.455
-1.295
-1.195
-1.185
-1.175
-1.165
-1.155
-1.14
-1.135
-1.14
-1.12
-1.145
-1.16
-1.15
-1.125
-1.14
-1.13
-1.12
-1.11
-1.12
-1.115
-1.1
-1.085
-1.09
-1.085
-1.08
-1.095
-1.07
-1.045
-1.03
-1
-1.035
-1.02
-1
-1
-1.01
-0.99
-0.98
-0.955
-0.965
-0.96
-0.93
-0.94
-0.945
-0.945
-0.935
-0.925
-0.925
-0.925
-0.915
-0.91
-0.92
-0.935
-0.96
-0.985
-0.98
-1.01
-1.03
-1.015
-1.03
-1.03
-1.02
-1.005
-1.025
-1.03
-1.03
-1.025
-1.015
-1
-1.01
-1.02
-1.015
-1
-1.005
-1.02
-1.015
-1.05
-1.03
-1.005
-1.02
-1.015
-1.04
-1.02
-1.025
-1.015
-0.99
-0.99
-0.98
-0.975
-0.99
-0.99
-0.99
-0.975
-0.98
-0.975
-0.985
-0.96
-0.955
-0.95
-0.955
-0.935
-0.935
-0.91
-0.895
-0.89
-0.87
-0.84
-0.825
-0.775
-0.75
-0.72
-0.725
-0.72
-0.735
-0.755
-0.765
-0.795
-0.84
-0.855
-0.855
-0.89
-0.915
-0.915
-0.93
-0.92
-0.935
-0.93
-0.94
-0.95
-0.955
-0.935
-0.935
-0.97
-0.965
-0.99
-0.965
-0.955
-0.96
-0.94
-0.945
-0.93
-0.89
-0.84
-0.78
-0.715
-0.68
-0.665
-0.635
-0.645
-0.67
-0.69
-0.835
-1.085
-1.265
-1.415
-1.54
-1.63
-1.635
-1.605
-1.505
-1.36
-1.175
-1.025
-0.955
-0.925
-0.93
-0.94
-0.925
-0.935
-0.925
-0.935
-0.91
-0.93
-0.93
-0.93
-0.925
-0.945
-0.95
-0.93
-0.93
-0.945
-0.92
-0.92
-0.915
-0.905
-0.905
-0.9
-0.915
-0.915
-0.9
-0.9
-0.9
-0.89
-0.9
-0.915
-0.895
-0.885
-0.905
-0.895
-0.885
-0.885
-0.88
-0.88
-0.875
-0.88
-0.855
-0.87
-0.855
-0.835
-0.83
-0.86
-0.875
-0.875
-0.905
-0.93
-0.96
-0.965
-0.97
-0.98
-0.975
-0.995
-1.01
-1.005
-1.035
-1.04
-1.05
-1.04
-1.03
-1.05
-1.025
-1.03
-1.045
-1.04
-1.04
-1.055
-1.04
-1.045
-1.04
-1.055
-1.03
-1.035
-1.055
-1.06
-1.065
-1.05
-1.055
-1.06
-1.055
-1.06
-1.07
-1.065
-1.075
-1.065
-1.08
-1.055
-1.06
-1.07
-1.08
-1.075
-1.05
-1.06
-1.07
-1.055
-1.05
-1.05
-1.015
-0.975
-0.95
-0.965
-0.945
-0.95
-0.965
-0.99
-1.025
-1.065
-1.085
-1.11
-1.145
-1.175
-1.215
-1.235
-1.25
-1.27
-1.27
-1.27
-1.295
-1.3
-1.3
-1.32
-1.325
-1.335
-1.34
-1.335
-1.335
-1.35
-1.35
-1.345
-1.345
-1.34
-1.325
-1.315
-1.25
-1.205
-1.16
-1.14
-1.115
-1.13
-1.145
-1.14
-1.225
-1.4
-1.66
-1.87
-2.005
-2.145
-2.18
-2.185
-2.14
-2.035
-1.88
-1.71
-1.585
-1.515
-1.505
-1.54
-1.53
-1.52
-1.51
-1.525
-1.51
-1.505
-1.5
-1.515
-1.505
-1.505
-1.51
-1.495
-1.51
-1.505
-1.5
-1.495
-1.49
-1.495
-1.49
-1.5
-1.495
-1.53
-1.525
-1.5
-1.49
-1.48
-1.47
-1.48
-1.465
-1.455
-1.455
-1.46
-1.45
-1.44
-1.415
-1.405
-1.41
-1.41
-1.41
-1.4
-1.385
-1.395
-1.39
-1.375
-1.37
-1.38
-1.42
-1.43
-1.44
-1.47
-1.48
-1.475
-1.51
-1.495
-1.5
-1.52
-1.535
-1.54
-1.52
-1.55
-1.545
-1.545
-1.555
-1.54
-1.55
-1.54
-1.56
-1.575
-1.535
-1.55
-1.555
-1.55
-1.52
-1.545
-1.55
-1.545
-1.575
-1.55
-1.565
-1.555
-1.565
-1.54
-1.56
-1.55
-1.55
-1.535
-1.525
-1.55
-1.55
-1.54
-1.53
-1.49
-1.485
-1.49
-1.48
-1.455
-1.405
-1.39
-1.365
-1.34
-1.34
-1.32
-1.315
-1.35
-1.37
-1.375
-1.405
-1.435
-1.45
-1.455
-1.47
-1.51
-1.515
-1.515
-1.525
-1.535
-1.53
-1.535
-1.545
-1.53
-1.535
-1.54
-1.56
-1.55
-1.55
-1.565
-1.535
-1.535
-1.53
-1.505
-1.49
-1.445
-1.4
-1.355
-1.31
-1.28
-1.25
-1.245
-1.24
-1.24
-1.305
-1.485
-1.73
-1.9
-2.02
-2.13
-2.185
-2.205
-2.155
-2.03
-1.84
-1.695
-1.59
-1.54
-1.53
-1.53
-1.5
-1.49
-1.49
-1.5
-1.495
-1.51
-1.5
-1.48
-1.465
-1.47
-1.46
-1.455
-1.45
-1.435
-1.445
-1.43
-1.44
-1.425
-1.39
-1.42
-1.415
-1.4
-1.41
-1.405
-1.395
-1.365
-1.345
-1.32
-1.29
-1.29
-1.295
-1.335
-1.345
-1.335
-1.315
-1.3
-1.285
-1.26
-1.235
-1.245
-1.225
-1.21
-1.22
-1.205
-1.21
-1.2
-1.215
-1.225
-1.24
-1.225
-1.255
-1.265
-1.28
-1.3
-1.31
-1.34
-1.35
-1.355
-1.335
-1.335
-1.33
-1.345
-1.325
-1.31
-1.335
-1.31
-1.335
-1.32
-1.295
-1.29
-1.3
-1.29
-1.29
-1.275
-1.29
-1.275
-1.265
-1.265
-1.28
-1.28
-1.275
-1.275
-1.255
-1.235
-1.24
-1.235
-1.225
-1.21
-1.21
-1.2
-1.175
-1.165
-1.16
-1.155
-1.125
-1.07
-1.03
-1.005
-1.015
-0.995
-1.01
-1
-1.01
-1.02
-1.03
-1.055
-1.08
-1.105
-1.14
-1.175
-1.185
-1.19
-1.195
-1.175
-1.175
-1.18
-1.17
-1.165
-1.17
-1.19
-1.165
-1.18
-1.16
-1.175
-1.15
-1.145
-1.145
-1.13
-1.115
-1.09
-1.045
-0.99
-0.925
-0.86
-0.8
-0.79
-0.775
-0.8
-0.8
-0.875
-1.05
-1.3
-1.48
-1.645
-1.76
-1.815
-1.835
-1.765
-1.635
-1.41
-1.24
-1.13
-1.08
-1.085
-1.1
-1.085
-1.085
-1.075
-1.075
-1.06
-1.06
-1.03
-1.03
-1.05
-1.02
-1.03
-1.015
-1.02
-1.01
-1.01
-0.99
-0.985
-0.98
-0.99
-0.995
-0.965
-0.96
-0.945
-0.95
-0.925
-0.925
-0.91
-0.91
-0.9
-0.885
-0.87
-0.875
-0.855
-0.845
-0.83
-0.825
-0.83
-0.81
-0.825
-0.815
-0.795
-0.785
-0.765
-0.775
-0.775
-0.765
-0.795
-0.795
-0.81
-0.83
-0.83
-0.845
-0.875
-0.85
-0.845
-0.865
-0.855
-0.855
-0.85
-0.87
-0.88
-0.855
-0.855
-0.855
-0.855
-0.86
-0.845
-0.85
-0.85
-0.86
-0.81
-0.8
-0.82
-0.81
-0.81
-0.785
-0.8
-0.79
-0.78
-0.805
-0.785
-0.77
-0.775
-0.765
-0.77
-0.77
-0.765
-0.76
-0.76
-0.75
-0.73
-0.72
-0.725
-0.71
-0.695
-0.685
-0.645
-0.605
-0.545
-0.55
-0.54
-0.53
-0.51
-0.55
-0.54
-0.58
-0.605
-0.63
-0.64
-0.645
-0.68
-0.695
-0.7
-0.7
-0.73
-0.705
-0.695
-0.69
-0.67
-0.66
-0.67
-0.66
-0.66
-0.67
-0.665
-0.665
-0.665
-0.655
-0.645
-0.63
-0.61
-0.585
-0.51
-0.485
-0.425
-0.38
-0.355
-0.345
-0.335
-0.32
-0.355
-0.495
-0.73
-0.975
-1.14
-1.29
-1.375
-1.395
-1.36
-1.26
-1.07
-0.865
-0.695
-0.58
-0.54
-0.54
-0.53
-0.52
-0.515
-0.52
-0.505
-0.505
-0.495
-0.5
-0.5
-0.48
-0.485
-0.475
-0.465
-0.465
-0.44
-0.45
-0.46
-0.435
-0.425
-0.42
-0.415
-0.385
-0.39
-0.365
-0.345
-0.36
-0.345
-0.34
-0.325
-0.32
-0.285
-0.285
-0.27
-0.255
-0.255
-0.255
-0.24
-0.23
-0.215
-0.195
-0.195
-0.18
-0.18
-0.195
-0.2
-0.2
-0.2
-0.21
-0.205
-0.215
-0.235
-0.28
-0.265
-0.275
-0.27
-0.275
-0.27
-0.29
-0.285
-0.29
-0.295
-0.275
-0.285
-0.295
-0.295
-0.275
-0.28
-0.28
-0.275
-0.295
-0.28
-0.275
-0.28
-0.275
-0.285
-0.28
-0.28
-0.29
-0.285
-0.27
-0.27
-0.275
-0.265
-0.26
-0.25
-0.23
-0.235
-0.24
-0.26
-0.235
-0.23
-0.215
-0.205
-0.185
-0.19
-0.16
-0.14
-0.11
-0.08
-0.045
-0.05
-0.045
-0.025
-0.02
-0.04
-0.05
-0.075
-0.115
-0.14
-0.18
-0.205
-0.215
-0.235
-0.245
-0.23
-0.22
-0.235
-0.23
-0.24
-0.23
-0.24
-0.235
-0.235
-0.25
-0.23
-0.235
-0.225
-0.23
-0.23
-0.235
-0.22
-0.2
-0.13
-0.065
-0.025
0.04
0.09
0.1
0.1
0.13
0.15
0.095
-0.115
-0.395
-0.6
-0.78
-0.895
-0.93
-0.925
-0.875
-0.74
-0.575
-0.38
-0.26
-0.2
-0.175
-0.2
-0.185
-0.18
-0.165
-0.16
-0.155
-0.15
-0.125
-0.125
-0.14
-0.125
-0.135
-0.12
-0.135
-0.1
-0.105
-0.105
-0.095
-0.085
-0.085
-0.065
-0.06
-0.06
-0.05
-0.04
-0.03
-0.03
-0.025
-0.015
-0.03
-0.015
0.005
0.035
0.025
0.035
0.05
0.02
0.055
0.06
0.06
0.07
0.08
0.095
0.09
0.075
0.075
0.085
0.06
0.075
0.055
0.04
0.035
0.035
0.025
0.005
0
0
-0.005
-0.005
-0.005
-0.01
0
0
0
-0.015
-0.02
0
-0.015
-0.015
0
-0.01
0
0.005
0
-0.01
-0.01
0
0
-0.005
0.02
0.015
0
0.015
0.045
0.02
0.03
0.035
0.05
0.05
0.06
0.075
0.06
0.1
0.105
0.12
0.17
0.195
0.22
0.235
0.26
0.26
0.265
0.245
0.21
0.2
0.185
0.145
0.13
0.12
0.085
0.06
0.07
0.06
0.055
0.065
0.035
0.035
0.04
0.055
0.065
0.09
0.075
0.065
0.08
0.07
0.075
0.07
0.07
0.095
0.13
0.16
0.24
0.305
0.33
0.38
0.4
0.39
0.41
0.44
0.32
0.105
-0.145
-0.34
-0.495
-0.595
-0.625
-0.6
-0.51
-0.355
-0.16
0
0.105
0.14
0.145
0.145
0.145
0.145
0.155
0.18
0.185
0.18
0.19
0.175
0.19
0.21
0.22
0.22
0.215
0.23
0.23
0.235
0.245
0.25
0.255
0.255
0.28
0.27
0.275
0.285
0.28
0.28
0.315
0.315
0.335
0.335
0.36
0.35
0.35
0.355
0.37
0.385
0.38
0.425
0.405
0.415
0.425
0.43
0.43
0.405
0.405
0.405
0.39
0.39
0.385
0.355
0.35
0.325
0.32
0.3
0.305
0.29
0.295
0.295
0.315
0.295
0.27
0.275
0.285
0.25
0.27
0.28
0.295
0.3
0.295
0.275
0.3
0.29
0.29
0.285
0.275
0.285
0.315
0.33
0.325
0.32
0.31
0.315
0.305
0.305
0.315
0.305
0.33
0.325
0.355
0.365
0.37
0.405
0.42
0.43
0.48
0.495
0.51
0.515
0.515
0.525
0.505
0.485
0.46
0.445
0.42
0.405
0.38
0.345
0.325
0.31
0.315
0.335
0.345
0.345
0.34
0.365
0.37
0.36
0.355
0.36
0.355
0.36
0.35
0.365
0.36
0.36
0.38
0.41
0.45
0.505
0.555
0.585
0.65
0.65
0.645
0.65
0.645
0.57
0.365
0.095
-0.06
-0.235
-0.385
-0.435
-0.435
-0.345
-0.195
0
0.185
0.31
0.375
0.375
0.36
0.385
0.39
0.385
0.39
0.385
0.38
0.425
0.42
0.42
0.425
0.445
0.43
0.43
0.425
0.445
0.45
0.465
0.475
0.475
0.475
0.49
0.485
0.475
0.5
0.5
0.505
0.51
0.535
0.54
0.535
0.535
0.535
0.55
0.545
0.555
0.58
0.58
0.61
0.6
0.6
0.6
0.605
0.61
0.615
0.63
0.62
0.58
0.555
0.56
0.535
0.515
0.505
0.5
0.49
0.495
0.495
0.48
0.47
0.47
0.46
0.46
0.465
0.47
0.46
0.465
0.485
0.475
0.485
0.455
0.46
0.465
0.445
0.46
0.465
0.485
0.46
0.465
0.45
0.46
0.475
0.485
0.475
0.455
0.47
0.475
0.48
0.47
0.49
0.47
0.495
0.49
0.515
0.545
0.54
0.545
0.57
0.62
0.63
0.64
0.66
0.685
0.655
0.655
0.62
0.58
0.57
0.53
0.505
0.5
0.475
0.47
0.45
0.42
0.44
0.42
0.415
0.425
0.42
0.415
0.43
0.425
0.42
0.415
0.43
0.425
0.42
0.43
0.43
0.43
0.475
0.525
0.58
0.64
0.68
0.73
0.74
0.75
0.745
0.765
0.65
0.425
0.165
-0.04
-0.21
-0.305
-0.35
-0.33
-0.245
-0.095
0.07
0.24
0.35
0.41
0.405
0.415
0.405
0.4
0.42
0.44
0.42
0.425
0.43
0.41
0.415
0.41
0.43
0.44
0.43
0.435
0.435
0.45
0.445
0.455
0.425
0.45
0.46
0.465
0.48
0.495
0.47
0.475
0.485
0.495
0.48
0.49
0.53
0.515
0.545
0.535
0.525
0.535
0.56
0.57
0.56
0.565
0.57
0.595
0.585
0.58
0.575
0.555
0.545
0.53
0.51
0.48
0.47
0.45
0.455
0.44
0.43
0.415
0.425
0.425
0.4
0.42
0.425
0.395
0.41
0.375
0.405
0.4
0.395
0.385
0.385
0.39
0.395
0.39
0.41
0.395
0.39
0.385
0.38
0.375
0.395
0.37
0.38
0.38
0.385
0.355
0.375
0.38
0.395
0.385
0.4
0.405
0.42
0.42
0.455
0.47
0.495
0.54
0.57
0.565
0.575
0.56
0.565
0.535
0.51
0.495
0.465
0.45
0.42
0.37
0.365
0.355
0.315
0.335
0.31
0.31
0.33
0.33
0.335
0.31
0.29
0.295
0.3
0.315
0.315
0.32
0.32
0.335
0.325
0.325
0.375
0.41
0.47
0.54
0.585
0.63
0.625
0.63
0.63
0.605
0.465
0.23
-0.02
-0.22
-0.36
-0.44
-0.465
-0.445
-0.335
-0.19
-0.01
0.135
0.205
0.255
0.275
0.28
0.27
0.29
0.285
0.26
0.27
0.27
0.27
0.275
0.28
0.28
0.28
0.28
0.285
0.29
0.28
0.28
0.295
0.29
0.315
0.305
0.315
0.31
0.295
0.31
0.31
0.3
0.31
0.305
0.335
0.33
0.33
0.33
0.33
0.32
0.36
0.355
0.355
0.36
0.365
0.38
0.38
0.365
0.36
0.35
0.355
0.325
0.325
0.315
0.275
0.265
0.245
0.225
0.2
0.205
0.18
0.175
0.165
0.175
0.15
0.15
0.16
0.16
0.135
0.155
0.13
0.13
0.15
0.125
0.125
0.11
0.1
0.095
0.09
0.075
0.08
0.07
0.055
0.065
0.07
0.06
0.065
0.055
0.04
0.035
0.05
0.035
0.04
0.075
0.05
0.065
0.055
0.06
0.07
0.075
0.12
0.14
0.175
0.16
0.175
0.18
0.16
0.13
0.1
0.085
0.045
0.02
-0.02
-0.025
-0.05
-0.075
-0.085
-0.125
-0.105
-0.12
-0.12
-0.1
-0.145
-0.145
-0.155
-0.16
-0.16
-0.15
-0.13
-0.165
-0.16
-0.17
-0.185
-0.155
-0.145
-0.115
-0.05
0
0.03
0.055
0.07
0.08
0.08
0.06
-0.055
-0.28
-0.535
-0.715
-0.865
-1.005
-1.065
-1.055
-0.99
-0.845
-0.625
-0.44
-0.335
-0.285
-0.285
-0.285
-0.295
-0.28
-0.3
-0.29
-0.31
-0.295
-0.29
-0.295
-0.295
-0.27
-0.305
-0.3
-0.305
-0.305
-0.305
-0.315
-0.32
-0.33
-0.305
-0.32
-0.32
-0.315
-0.305
-0.31
-0.305
-0.295
-0.31
-0.305
-0.295
-0.295
-0.305
-0.29
-0.265
-0.275
-0.28
-0.27
-0.255
-0.265
-0.25
-0.26
-0.255
-0.265
-0.265
-0.26
-0.265
-0.285
-0.295
-0.32
-0.335
-0.35
-0.39
-0.385
-0.395
-0.405
-0.42
-0.425
-0.44
-0.44
-0.465
-0.45
-0.45
-0.475
-0.455
-0.46
-0.455
-0.445
-0.465
-0.49
-0.485
-0.475
-0.48
-0.475
-0.495
-0.5
-0.51
-0.5
-0.51
-0.535
-0.54
-0.535
-0.53
-0.53
-0.52
-0.53
-0.54
-0.545
-0.545
-0.545
-0.54
-0.52
-0.515
-0.515
-0.52
-0.515
-0.49
-0.485
-0.445
-0.425
-0.405
-0.405
-0.385
-0.375
-0.4
-0.395
-0.415
-0.455
-0.48
-0.525
-0.565
-0.575
-0.585
-0.62
-0.62
-0.64
-0.64
-0.65
-0.68
-0.655
-0.66
-0.665
-0.67
-0.675
-0.685
-0.69
-0.695
-0.7
-0.725
-0.695
-0.705
-0.685
-0.67
-0.64
-0.605
-0.54
-0.48
-0.45
-0.42
-0.43
-0.44
-0.44
-0.48
-0.675
-0.935
-1.135
-1.33
-1.47
-1.545
-1.535
-1.48
-1.39
-1.2
-0.985
-0.865
-0.78
-0.77
-0.77
-0.76
-0.765
-0.795
-0.79
-0.77
-0.755
-0.765
-0.775
-0.78
-0.765
-0.75
-0.75
-0.735
-0.745
-0.735
-0.745
-0.73
-0.74
-0.74
-0.725
-0.73
-0.73
-0.735
-0.75
-0.725
-0.72
-0.71
-0.72
-0.705
-0.7
-0.705
-0.71
-0.695
-0.69
-0.67
-0.685
-0.67
-0.65
-0.655
-0.645
-0.64
-0.645
-0.64
-0.65
-0.655
-0.655
-0.67
-0.67
-0.705
-0.7
-0.735
-0.745
-0.765
-0.775
-0.79
-0.79
-0.79
-0.795
-0.795
-0.8
-0.82
-0.8
-0.8
-0.825
-0.805
-0.83
-0.825
-0.825
-0.815
-0.825
-0.845
-0.81
-0.835
-0.845
-0.825
-0.84
-0.815
-0.815
-0.82
-0.835
-0.83
-0.85
-0.845
-0.855
-0.86
-0.84
-0.845
-0.87
-0.88
-0.875
-0.865
-0.855
-0.84
-0.82
-0.795
-0.795
-0.79
-0.77
-0.745
-0.72
-0.68
-0.68
-0.67
-0.66
-0.645
-0.67
-0.695
-0.715
-0.755
-0.77
-0.8
-0.82
-0.83
-0.84
-0.855
-0.865
-0.87
-0.895
-0.91
-0.9
-0.92
-0.87
-0.885
-0.895
-0.885
-0.88
-0.885
-0.91
-0.915
-0.895
-0.9
-0.885
-0.87
-0.82
-0.755
-0.675
-0.625
-0.595
-0.58
-0.56
-0.57
-0.55
-0.6
-0.78
-1.055
-1.29
-1.455
-1.575
-1.655
-1.63
-1.62
-1.52
-1.365
-1.14
-1
-0.92
-0.895
-0.9
-0.91
-0.865
-0.875
-0.89
-0.86
-0.88
-0.865
-0.865
-0.85
-0.855
-0.855
-0.855
-0.835
-0.835
-0.825
-0.845
-0.85
-0.84
-0.83
-0.81
-0.815
-0.8
-0.795
-0.79
-0.785
-0.79
-0.785
-0.77
-0.775
-0.78
-0.755
-0.77
-0.755
-0.765
-0.72
-0.73
-0.745
-0.73
-0.725
-0.705
-0.685
-0.685
-0.675
-0.68
-0.69
-0.7
-0.71
-0.745
-0.74
-0.745
-0.765
-0.785
-0.785
-0.81
-0.825
-0.825
-0.83
-0.805
-0.82
-0.82
-0.815
-0.85
-0.845
-0.825
-0.835
-0.845
-0.845
-0.825
-0.82
-0.825
-0.84
-0.825
-0.855
-0.835
-0.845
-0.84
-0.835
-0.82
-0.825
-0.805
-0.835
-0.84
-0.84
-0.845
-0.855
-0.86
-0.83
-0.8
-0.785
-0.77
-0.765
-0.775
-0.785
-0.775
-0.73
-0.705
-0.66
-0.635
-0.6
-0.61
-0.595
-0.62
-0.635
-0.67
-0.675
-0.71
-0.73
-0.75
-0.795
-0.805
-0.825
-0.835
-0.845
-0.84
-0.855
-0.85
-0.86
-0.845
-0.85
-0.86
-0.855
-0.855
-0.86
-0.85
-0.85
-0.835
-0.835
-0.855
-0.83
-0.785
-0.71
-0.67
-0.605
-0.525
-0.485
-0.47
-0.49
-0.48
-0.505
-0.65
-0.94
-1.17
-1.345
-1.51
-1.565
-1.575
-1.56
-1.47
-1.315
-1.12
-0.975
-0.89
-0.85
-0.835
-0.825
-0.84
-0.815
-0.795
-0.8
-0.815
-0.82
-0.8
-0.805
-0.79
-0.77
-0.79
-0.77
-0.79
-0.79
-0.77
-0.77
-0.74
-0.74
-0.72
-0.72
-0.72
-0.705
-0.715
-0.7
-0.71
-0.68
-0.695
-0.675
-0.655
-0.655
-0.66
-0.645
-0.655
-0.625
-0.615
-0.605
-0.58
-0.605
-0.565
-0.58
-0.58
-0.57
-0.55
-0.57
-0.56
-0.58
-0.58
-0.6
-0.62
-0.63
-0.665
-0.675
-0.67
-0.66
-0.655
-0.64
-0.675
-0.68
-0.7
-0.7
-0.7
-0.68
-0.67
-0.675
-0.66
-0.685
-0.66
-0.665
-0.685
-0.68
-0.685
-0.67
-0.665
-0.66
-0.665
-0.67
-0.67
-0.68
-0.68
-0.69
-0.685
-0.69
-0.67
-0.66
-0.665
-0.66
-0.64
-0.64
-0.63
-0.63
-0.63
-0.605
-0.6
-0.565
-0.53
-0.465
-0.465
-0.44
-0.435
-0.42
-0.45
-0.46
-0.475
-0.495
-0.525
-0.54
-0.56
-0.58
