-0.415
-0.415
-0.43
-0.445
-0.46
-0.43
-0.44
-0.44
-0.45
-0.43
-0.42
-0.445
-0.455
-0.435
-0.41
-0.4
-0.395
-0.405
-0.4
-0.405
-0.43
-0.435
-0.41
-0.42
-0.405
-0.42
-0.41
-0.435
-0.42
-0.41
-0.41
-0.405
-0.405
-0.405
-0.385
-0.37
-0.35
-0.34
-0.33
-0.33
-0.345
-0.32
-0.335
-0.3
-0.325
-0.315
-0.285
-0.285
-0.26
-0.275
-0.26
-0.25
-0.25
-0.26
-0.22
-0.22
-0.235
-0.205
-0.205
-0.22
-0.22
-0.225
-0.24
-0.21
-0.22
-0.19
-0.17
-0.195
-0.21
-0.19
-0.2
-0.155
-0.17
-0.17
-0.17
-0.14
-0.105
-0.065
-0.01
0.04
0.095
0.13
0.15
0.17
0.17
0.19
0.16
0.13
0.085
0.03
-0.04
-0.115
-0.15
-0.22
-0.245
-0.27
-0.265
-0.26
-0.26
-0.245
-0.25
-0.25
-0.25
-0.235
-0.23
-0.225
-0.245
-0.235
-0.225
-0.21
-0.21
-0.22
-0.185
-0.2
-0.19
-0.18
-0.2
-0.2
-0.2
-0.205
-0.195
-0.165
-0.12
-0.1
-0.045
0.01
0.09
0.165
0.235
0.275
0.31
0.34
0.36
0.385
0.505
0.74
1.02
1.16
0.98
0.5
0.05
-0.205
-0.3
-0.34
-0.36
-0.345
-0.34
-0.35
-0.37
-0.34
-0.36
-0.355
-0.375
-0.365
-0.34
-0.335
-0.33
-0.355
-0.36
-0.36
-0.36
-0.37
-0.36
-0.365
-0.37
-0.355
-0.355
-0.36
-0.36
-0.36
-0.355
-0.34
-0.33
-0.32
-0.32
-0.31
-0.315
-0.29
-0.285
-0.25
-0.24
-0.245
-0.235
-0.24
-0.23
-0.22
-0.23
-0.215
-0.22
-0.21
-0.23
-0.2
-0.195
-0.195
-0.205
-0.185
-0.205
-0.185
-0.16
-0.18
-0.175
-0.17
-0.135
-0.155
-0.16
-0.135
-0.115
-0.11
-0.095
-0.1
-0.08
-0.06
-0.04
-0.03
-0.045
-0.01
0.025
0.055
0.09
0.105
0.13
0.155
0.185
0.21
0.185
0.16
0.14
0.095
0.03
-0.015
-0.08
-0.125
-0.17
-0.22
-0.23
-0.245
-0.215
-0.23
-0.2
-0.2
-0.18
-0.19
-0.18
-0.175
-0.19
-0.16
-0.165
-0.175
-0.185
-0.185
-0.185
-0.175
-0.17
-0.195
-0.175
-0.185
-0.175
-0.17
-0.185
-0.16
-0.145
-0.135
-0.08
-0.015
0.025
0.115
0.175
0.24
0.26
0.28
0.315
0.32
0.37
0.49
0.71
0.955
1.13
1.065
0.695
0.2
-0.12
-0.285
-0.34
-0.39
-0.36
-0.355
-0.365
-0.37
-0.355
-0.355
-0.31
-0.33
-0.34
-0.335
-0.355
-0.345
-0.355
-0.335
-0.345
-0.345
-0.345
-0.34
-0.32
-0.315
-0.33
-0.325
-0.32
-0.35
-0.33
-0.32
-0.305
-0.285
-0.3
-0.28
-0.3
-0.295
-0.31
-0.32
-0.275
-0.275
-0.275
-0.265
-0.265
-0.27
-0.25
-0.255
-0.26
-0.27
-0.22
-0.22
-0.22
-0.215
-0.18
-0.185
-0.185
-0.2
-0.165
-0.18
-0.165
-0.165
-0.17
-0.14
-0.11
-0.125
-0.14
-0.13
-0.12
-0.12
-0.12
-0.13
-0.13
-0.12
-0.125
-0.105
-0.07
-0.045
-0.01
0.01
0.05
0.115
0.105
0.155
0.17
0.18
0.18
0.18
0.16
0.1
0.075
0.005
-0.04
-0.08
-0.14
-0.18
-0.215
-0.225
-0.22
-0.225
-0.235
-0.22
-0.22
-0.2
-0.2
-0.205
-0.205
-0.205
-0.195
-0.21
-0.19
-0.18
-0.175
-0.165
-0.16
-0.18
-0.195
-0.185
-0.185
-0.18
-0.16
-0.12
-0.12
-0.1
-0.055
-0.01
0.075
0.14
0.235
0.31
0.345
0.375
0.42
0.445
0.47
0.5
0.635
0.885
1.12
1.155
0.835
0.375
0
-0.195
-0.28
-0.285
-0.295
-0.28
-0.275
-0.275
-0.28
-0.28
-0.275
-0.29
-0.275
-0.245
-0.25
-0.265
-0.26
-0.275
-0.275
-0.27
-0.255
-0.27
-0.28
-0.29
-0.295
-0.315
-0.3
-0.305
-0.28
-0.285
-0.28
-0.27
-0.275
-0.28
-0.275
-0.26
-0.245
-0.245
-0.23
-0.21
-0.22
-0.2
-0.19
-0.2
-0.18
-0.19
-0.175
-0.155
-0.16
-0.145
-0.15
-0.14
-0.11
-0.11
-0.1
-0.105
-0.11
-0.1
-0.095
-0.095
-0.09
-0.06
-0.06
-0.06
-0.045
-0.045
-0.03
-0.02
-0.03
-0.025
-0.005
0.005
0.01
0.03
0.05
0.07
0.115
0.125
0.165
0.215
0.235
0.235
0.275
0.29
0.325
0.33
0.325
0.28
0.195
0.13
0.09
0.02
-0.015
-0.07
-0.105
-0.12
-0.13
-0.13
-0.115
-0.12
-0.12
-0.125
-0.1
-0.09
-0.08
-0.07
-0.065
-0.075
-0.06
-0.085
-0.1
-0.1
-0.09
-0.09
-0.11
-0.105
-0.11
-0.105
-0.12
-0.11
-0.105
-0.1
-0.08
-0.05
0.005
0.035
0.135
0.235
0.255
0.31
0.34
0.355
0.39
0.41
0.45
0.58
0.835
1.125
1.275
1.115
0.685
0.195
-0.065
-0.19
-0.28
-0.29
-0.3
-0.27
-0.29
-0.31
-0.285
-0.29
-0.3
-0.285
-0.28
-0.275
-0.29
-0.28
-0.275
-0.295
-0.29
-0.295
-0.28
-0.275
-0.3
-0.31
-0.3
-0.285
-0.28
-0.265
-0.295
-0.28
-0.26
-0.275
-0.265
-0.24
-0.25
-0.235
-0.235
-0.22
-0.225
-0.21
-0.215
-0.215
-0.215
-0.22
-0.19
-0.2
-0.18
-0.15
-0.165
-0.16
-0.145
-0.14
-0.13
-0.135
-0.16
-0.155
-0.13
-0.125
-0.115
-0.1
-0.09
-0.09
-0.075
-0.07
-0.065
-0.075
-0.055
-0.055
-0.045
-0.035
0
-0.005
0
0.02
0.045
0.1
0.15
0.18
0.19
0.19
0.22
0.215
0.215
0.195
0.17
0.115
0.06
0.005
-0.035
-0.085
-0.105
-0.125
-0.165
-0.17
-0.155
-0.155
-0.145
-0.14
-0.155
-0.15
-0.12
-0.11
-0.13
-0.145
-0.145
-0.145
-0.15
-0.135
-0.12
-0.125
-0.125
-0.12
-0.105
-0.125
-0.12
-0.125
-0.12
-0.1
-0.09
-0.07
-0.03
0.03
0.12
0.18
0.26
0.33
0.345
0.38
0.38
0.375
0.4
0.49
0.685
0.97
1.21
1.225
0.87
0.35
-0.025
-0.215
-0.305
-0.34
-0.31
-0.26
-0.255
-0.27
-0.265
-0.25
-0.24
-0.26
-0.25
-0.265
-0.26
-0.22
-0.225
-0.23
-0.235
-0.215
-0.22
-0.215
-0.23
-0.245
-0.25
-0.245
-0.245
-0.23
-0.23
-0.245
-0.245
-0.22
-0.195
-0.21
-0.21
-0.205
-0.205
-0.185
-0.175
-0.175
-0.16
-0.175
-0.175
-0.16
-0.155
-0.14
-0.135
-0.105
-0.105
-0.105
-0.1
-0.095
-0.09
-0.065
-0.07
-0.055
-0.055
-0.08
-0.07
-0.075
-0.075
-0.07
-0.08
-0.05
-0.05
-0.045
-0.05
-0.07
-0.045
-0.04
0
0
0.03
0.045
0.085
0.105
0.165
0.185
0.195
0.225
0.255
0.27
0.28
0.275
0.23
0.16
0.095
0.035
-0.02
-0.09
-0.12
-0.155
-0.18
-0.195
-0.205
-0.19
-0.195
-0.18
-0.165
-0.15
-0.16
-0.15
-0.135
-0.15
-0.16
-0.145
-0.135
-0.135
-0.13
-0.115
-0.11
-0.125
-0.115
-0.135
-0.125
-0.1
-0.11
-0.105
-0.095
-0.075
-0.055
0.005
0.07
0.16
0.245
0.315
0.365
0.415
0.43
0.445
0.465
0.51
0.635
0.89
1.16
1.2
0.915
0.425
0.02
-0.175
-0.245
-0.275
-0.26
-0.25
-0.27
-0.29
-0.3
-0.275
-0.27
-0.29
-0.27
-0.27
-0.265
-0.27
-0.285
-0.295
-0.285
-0.295
-0.3
-0.275
-0.265
-0.285
-0.285
-0.28
-0.3
-0.29
-0.305
-0.305
-0.29
-0.26
-0.25
-0.265
-0.23
-0.225
-0.205
-0.195
-0.19
-0.21
-0.2
-0.16
-0.17
-0.17
-0.195
-0.16
-0.155
-0.13
-0.145
-0.15
-0.135
-0.125
-0.13
-0.12
-0.12
-0.095
-0.1
-0.08
-0.085
-0.065
-0.055
-0.045
-0.07
-0.045
-0.035
-0.055
-0.055
-0.035
-0.02
-0.015
0
0
0.025
0.045
0.045
0.08
0.065
0.08
0.125
0.185
0.205
0.205
0.23
0.285
0.305
0.33
0.305
0.295
0.235
0.195
0.155
0.1
0.04
-0.005
-0.045
-0.05
-0.085
-0.085
-0.075
-0.045
-0.035
-0.02
-0.015
-0.01
-0.035
-0.035
-0.045
-0.02
-0.015
-0.03
-0.04
-0.04
-0.04
-0.04
-0.025
-0.025
-0.02
-0.035
-0.03
-0.045
-0.025
-0.045
-0.025
0
0.035
0.125
0.22
0.305
0.395
0.465
0.495
0.495
0.54
0.54
0.585
0.675
0.92
1.215
1.39
1.215
0.755
0.285
-0.01
-0.14
-0.2
-0.215
-0.185
-0.18
-0.215
-0.22
-0.22
-0.22
-0.215
-0.225
-0.22
-0.225
-0.22
-0.23
-0.215
-0.21
-0.21
-0.21
-0.205
-0.205
-0.205
-0.195
-0.21
-0.21
-0.21
-0.215
-0.205
-0.215
-0.23
-0.215
-0.2
-0.205
-0.195
-0.19
-0.175
-0.165
-0.15
-0.125
-0.125
-0.125
-0.15
-0.13
-0.125
-0.1
-0.115
-0.115
-0.095
-0.065
-0.08
-0.06
-0.08
-0.07
-0.055
-0.055
-0.07
-0.075
-0.045
-0.025
-0.055
-0.05
-0.05
-0.045
-0.03
-0.02
-0.015
-0.015
-0.005
0.01
0.025
0.05
0.055
0.07
0.075
0.12
0.175
0.21
0.225
0.25
0.28
0.28
0.3
0.295
0.275
0.245
0.185
0.135
0.065
0.015
-0.05
-0.095
-0.12
-0.145
-0.155
-0.16
-0.13
-0.155
-0.14
-0.135
-0.135
-0.125
-0.125
-0.13
-0.12
-0.12
-0.125
-0.11
-0.115
-0.105
-0.11
-0.08
-0.09
-0.06
-0.085
-0.09
-0.08
-0.095
-0.075
-0.07
-0.05
-0.02
0.04
0.115
0.17
0.24
0.295
0.305
0.33
0.345
0.345
0.39
0.48
0.67
0.965
1.19
1.175
0.84
0.35
-0.01
-0.2
-0.275
-0.315
-0.3
-0.28
-0.275
-0.26
-0.255
-0.245
-0.255
-0.28
-0.255
-0.26
-0.26
-0.265
-0.26
-0.25
-0.235
-0.25
-0.245
-0.25
-0.255
-0.245
-0.25
-0.23
-0.22
-0.23
-0.25
-0.235
-0.245
-0.235
-0.21
-0.215
-0.21
-0.18
-0.19
-0.175
-0.14
-0.14
-0.15
-0.16
-0.16
-0.16
-0.14
-0.1
-0.095
-0.09
-0.095
-0.105
-0.1
-0.095
-0.09
-0.095
-0.095
-0.11
-0.095
-0.085
-0.085
-0.07
-0.04
-0.06
-0.06
-0.07
-0.065
-0.055
-0.025
-0.005
0
0.015
0.03
0.055
0.065
0.085
0.075
0.135
0.165
0.21
0.19
0.225
0.245
0.26
0.27
0.27
0.235
0.19
0.15
0.11
0.04
-0.025
-0.055
-0.11
-0.13
-0.165
-0.175
-0.175
-0.16
-0.16
-0.135
-0.11
-0.11
-0.1
-0.105
-0.1
-0.09
-0.09
-0.085
-0.09
-0.09
-0.1
-0.08
-0.06
-0.07
-0.1
-0.13
-0.115
-0.105
-0.08
-0.07
-0.07
-0.045
0.01
0.08
0.15
0.24
0.32
0.38
0.44
0.48
0.525
0.515
0.54
0.6
0.79
1.085
1.285
1.23
0.815
0.315
0.015
-0.115
-0.21
-0.225
-0.2
-0.205
-0.24
-0.255
-0.245
-0.245
-0.22
-0.235
-0.23
-0.255
-0.255
-0.24
-0.235
-0.24
-0.23
-0.23
-0.245
-0.215
-0.215
-0.195
-0.2
-0.21
-0.235
-0.235
-0.235
-0.23
-0.22
-0.215
-0.2
-0.22
-0.22
-0.215
-0.2
-0.17
-0.195
-0.165
-0.17
-0.155
-0.16
-0.16
-0.155
-0.145
-0.115
-0.14
-0.14
-0.135
-0.12
-0.105
-0.09
-0.07
-0.095
-0.065
-0.06
-0.03
-0.03
-0.02
-0.02
-0.025
-0.02
-0.02
-0.02
-0.01
-0.01
-0.02
-0.005
-0.035
-0.01
-0.03
-0.01
-0.005
-0.02
0
0.02
0.02
0.02
0.04
0.05
0.075
0.115
0.17
0.235
0.27
0.295
0.33
0.345
0.335
0.34
0.32
0.275
0.215
0.15
0.105
0.03
-0.005
-0.05
-0.065
-0.11
-0.11
-0.095
-0.085
-0.07
-0.095
-0.075
-0.07
-0.075
-0.08
-0.075
-0.085
-0.075
-0.08
-0.055
-0.09
-0.055
-0.06
-0.05
-0.055
-0.04
-0.04
-0.06
-0.045
-0.055
-0.05
-0.04
0.005
0.055
0.145
0.215
0.275
0.325
0.375
0.4
0.42
0.435
0.475
0.54
0.725
1
1.25
1.295
0.955
0.455
0.045
-0.13
-0.23
-0.26
-0.215
-0.19
-0.2
-0.215
-0.23
-0.235
-0.24
-0.23
-0.225
-0.23
-0.225
-0.225
-0.225
-0.225
-0.245
-0.25
-0.25
-0.235
-0.24
-0.24
-0.225
-0.23
-0.23
-0.235
-0.22
-0.225
-0.215
-0.205
-0.205
-0.175
-0.175
-0.175
-0.175
-0.17
-0.16
-0.14
-0.13
-0.13
-0.125
-0.1
-0.085
-0.08
-0.1
-0.08
-0.08
-0.095
-0.08
-0.125
-0.1
-0.095
-0.08
-0.065
-0.075
-0.07
-0.06
-0.05
-0.04
-0.03
-0.035
-0.02
-0.02
-0.005
0.005
0
0.035
0.05
0.07
0.065
0.065
0.085
0.13
0.17
0.215
0.245
0.27
0.28
0.285
0.275
0.28
0.28
0.25
0.225
0.155
0.115
0.035
-0.025
-0.05
-0.1
-0.135
-0.16
-0.13
-0.125
-0.09
-0.105
-0.095
-0.09
-0.08
-0.065
-0.075
-0.08
-0.09
-0.07
-0.08
-0.07
-0.08
-0.08
-0.06
-0.08
-0.09
-0.085
-0.08
-0.08
-0.085
-0.085
-0.075
-0.05
-0.01
0.03
0.1
0.155
0.23
0.28
0.34
0.36
0.375
0.39
0.42
0.475
0.675
0.965
1.215
1.205
0.855
0.36
-0.03
-0.205
-0.28
-0.325
-0.305
-0.295
-0.29
-0.31
-0.285
-0.3
-0.315
-0.295
-0.3
-0.295
-0.285
-0.28
-0.28
-0.3
-0.29
-0.31
-0.29
-0.27
-0.26
-0.26
-0.265
-0.255
-0.24
-0.265
-0.24
-0.27
-0.255
-0.235
-0.255
-0.25
-0.23
-0.23
-0.235
-0.22
-0.225
-0.22
-0.225
-0.205
-0.225
-0.22
-0.215
-0.2
-0.185
-0.195
-0.17
-0.16
-0.185
-0.175
-0.16
-0.145
-0.13
-0.11
-0.13
-0.13
-0.105
-0.095
-0.085
-0.1
-0.1
-0.09
-0.085
-0.075
-0.11
-0.135
-0.11
-0.1
-0.095
-0.055
-0.03
-0.025
-0.03
-0.065
-0.035
-0.02
0.005
0.07
0.1
0.12
0.14
0.16
0.22
0.22
0.2
0.17
0.155
0.09
0.02
0
-0.08
-0.125
-0.2
-0.22
-0.22
-0.225
-0.21
-0.225
-0.205
-0.215
-0.205
-0.2
-0.185
-0.19
-0.195
-0.185
-0.19
-0.19
-0.195
-0.17
-0.165
-0.16
-0.17
-0.185
-0.17
-0.175
-0.155
-0.13
-0.11
-0.115
-0.085
-0.07
-0.03
0.04
0.125
0.22
0.29
0.355
0.39
0.44
0.465
0.495
0.525
0.65
0.905
1.135
1.245
1.02
0.555
0.13
-0.09
-0.19
-0.265
-0.28
-0.235
-0.245
-0.24
-0.24
-0.26
-0.27
-0.245
-0.235
-0.24
-0.25
-0.265
-0.255
-0.23
-0.235
-0.27
-0.25
-0.26
-0.27
-0.255
-0.245
-0.255
-0.25
-0.235
-0.245
-0.25
-0.245
-0.22
-0.21
-0.215
-0.205
-0.215
-0.2
-0.205
-0.18
-0.145
-0.12
-0.125
-0.145
-0.145
-0.15
-0.16
-0.17
-0.15
-0.14
-0.12
-0.125
-0.115
-0.12
-0.145
-0.15
-0.115
-0.135
-0.12
-0.12
-0.105
-0.105
-0.11
-0.095
-0.095
-0.105
-0.1
-0.085
-0.08
-0.065
-0.055
-0.045
-0.015
-0.005
0.03
0.03
0.03
0.065
0.07
0.115
0.14
0.18
0.215
0.21
0.225
0.225
0.245
0.245
0.225
0.175
0.125
0.06
0.01
-0.04
-0.085
-0.14
-0.145
-0.175
-0.155
-0.17
-0.175
-0.16
-0.16
-0.15
-0.14
-0.14
-0.115
-0.145
-0.125
-0.11
-0.115
-0.08
-0.115
-0.12
-0.14
-0.15
-0.155
-0.145
-0.15
-0.155
-0.15
-0.145
-0.13
-0.1
-0.085
-0.04
0
0.085
0.175
0.215
0.24
0.27
0.295
0.295
0.315
0.345
0.485
0.71
1.015
1.185
1.065
0.655
0.155
-0.13
-0.26
-0.34
-0.355
-0.33
-0.33
-0.345
-0.34
-0.35
-0.32
-0.32
-0.325
-0.355
-0.33
-0.325
-0.335
-0.32
-0.335
-0.325
-0.34
-0.32
-0.32
-0.31
-0.3
-0.29
-0.29
-0.295
-0.3
-0.3
-0.3
-0.29
-0.28
-0.275
-0.27
-0.3
-0.29
-0.28
-0.255
-0.27
-0.25
-0.23
-0.225
-0.22
-0.21
-0.235
-0.22
-0.19
-0.205
-0.2
-0.185
-0.19
-0.195
-0.21
-0.205
-0.19
-0.175
-0.155
-0.17
-0.145
-0.125
-0.115
-0.125
-0.105
-0.13
-0.12
-0.115
-0.1
-0.105
-0.09
-0.1
-0.05
-0.05
-0.04
-0.01
0.05
0.1
0.1
0.135
0.145
0.17
0.18
0.2
0.17
0.13
0.1
0.055
0
-0.05
-0.12
-0.17
-0.195
-0.23
-0.22
-0.215
-0.24
-0.22
-0.205
-0.21
-0.225
-0.215
-0.21
-0.215
-0.2
-0.19
-0.19
-0.195
-0.205
-0.18
-0.175
-0.185
-0.19
-0.2
-0.2
-0.17
-0.18
-0.16
-0.165
-0.17
-0.16
-0.12
-0.085
-0.015
0.06
0.15
0.225
0.275
0.315
0.335
0.35
0.345
0.375
0.475
0.66
0.935
1.125
1.06
0.68
0.19
-0.145
-0.28
-0.33
-0.345
-0.345
-0.365
-0.38
-0.365
-0.33
-0.34
-0.34
-0.36
-0.345
-0.325
-0.305
-0.305
-0.29
-0.3
-0.28
-0.29
-0.32
-0.305
-0.315
-0.32
-0.3
-0.305
-0.315
-0.32
-0.34
-0.325
-0.33
-0.31
-0.305
-0.275
-0.285
-0.285
-0.31
-0.29
-0.29
-0.25
-0.27
-0.25
-0.25
-0.24
-0.23
-0.22
-0.23
-0.225
-0.2
-0.195
-0.185
-0.18
-0.19
-0.2
-0.16
-0.165
-0.18
-0.17
-0.16
-0.175
-0.155
-0.14
-0.15
-0.145
-0.125
-0.135
-0.13
-0.115
-0.13
-0.125
-0.09
-0.08
-0.115
-0.11
-0.085
-0.035
-0.02
-0.02
-0.015
0.005
0.055
0.1
0.125
0.15
0.175
0.2
0.215
0.21
0.18
0.125
0.07
0.01
-0.06
-0.14
-0.175
-0.22
-0.24
-0.24
-0.24
-0.245
-0.245
-0.24
-0.215
-0.205
-0.23
-0.24
-0.24
-0.22
-0.215
-0.205
-0.175
-0.17
-0.19
-0.195
-0.18
-0.185
-0.195
-0.17
-0.18
-0.17
-0.19
-0.195
-0.19
-0.17
-0.12
-0.07
0
0.05
0.14
0.22
0.33
0.375
0.425
0.42
0.43
0.455
0.58
0.82
1.135
1.255
1.06
0.595
0.15
-0.105
-0.22
-0.275
-0.275
-0.275
-0.26
-0.295
-0.32
-0.33
-0.345
-0.35
-0.325
-0.34
-0.345
-0.34
-0.35
-0.35
-0.35
-0.345
-0.36
-0.34
-0.35
-0.345
-0.355
-0.355
-0.365
-0.335
-0.335
-0.345
-0.335
-0.345
-0.32
-0.32
-0.345
-0.34
-0.31
-0.295
-0.295
-0.32
-0.315
-0.315
-0.305
-0.3
-0.3
-0.295
-0.28
-0.27
-0.245
-0.255
-0.24
-0.215
-0.235
-0.25
-0.24
-0.23
-0.23
-0.23
-0.2
-0.195
-0.195
-0.19
-0.19
-0.14
-0.16
-0.145
-0.165
-0.145
-0.14
-0.13
-0.145
-0.145
-0.125
-0.095
-0.1
-0.11
-0.09
-0.06
-0.02
0.04
0.055
0.07
0.085
0.115
0.145
0.18
0.16
0.145
0.085
0.05
0
-0.02
-0.09
-0.14
-0.2
-0.23
-0.24
-0.23
-0.245
-0.24
-0.235
-0.22
-0.235
-0.2
-0.215
-0.225
-0.225
-0.245
-0.26
-0.225
-0.215
-0.215
-0.21
-0.235
-0.225
-0.215
-0.23
-0.23
-0.22
-0.24
-0.21
-0.225
-0.21
-0.2
-0.13
-0.07
0
0.07
0.12
0.165
0.205
0.25
0.275
0.245
0.27
0.365
0.565
0.85
1.1
1.075
0.74
0.205
-0.17
-0.35
-0.44
-0.455
-0.42
-0.395
-0.385
-0.41
-0.41
-0.39
-0.395
-0.365
-0.385
-0.34
-0.345
-0.335
-0.34
-0.345
-0.335
-0.33
-0.33
-0.34
-0.34
-0.36
-0.37
-0.36
-0.365
-0.335
-0.33
-0.375
-0.395
-0.375
-0.345
-0.34
-0.345
-0.335
-0.355
-0.32
-0.29
-0.29
-0.295
-0.3
-0.275
-0.26
-0.25
-0.26
-0.255
-0.255
-0.25
-0.225
-0.215
-0.235
-0.25
-0.23
-0.25
-0.245
-0.215
-0.2
-0.185
-0.19
-0.19
-0.225
-0.225
-0.215
-0.21
-0.215
-0.18
-0.19
-0.165
-0.15
-0.13
-0.15
-0.12
-0.105
-0.075
-0.02
0.045
0.105
0.115
0.12
0.16
0.16
0.15
0.145
0.105
0.05
0.005
-0.06
-0.11
-0.18
-0.225
-0.265
-0.31
-0.32
-0.325
-0.32
-0.335
-0.325
-0.315
-0.32
-0.29
-0.3
-0.29
-0.285
-0.28
-0.28
-0.285
-0.265
-0.265
-0.275
-0.275
-0.28
-0.27
-0.27
-0.275
-0.26
-0.24
-0.26
-0.285
-0.29
-0.26
-0.205
-0.115
-0.04
0.01
0.06
0.13
0.195
0.245
0.27
0.245
0.27
0.375
0.615
0.91
1.03
0.845
0.385
-0.05
-0.29
-0.395
-0.46
-0.455
-0.435
-0.405
-0.415
-0.42
-0.42
-0.42
-0.41
-0.395
-0.39
-0.415
-0.425
-0.415
-0.385
-0.405
-0.425
-0.435
-0.425
-0.41
-0.42
-0.425
-0.415
-0.43
-0.44
-0.425
-0.41
-0.41
-0.425
-0.42
-0.425
-0.395
-0.37
-0.345
-0.33
-0.335
-0.33
-0.32
-0.34
-0.33
-0.315
-0.305
-0.32
-0.295
-0.265
-0.285
-0.285
-0.305
-0.285
-0.255
-0.255
-0.29
-0.29
-0.275
-0.255
-0.25
-0.215
-0.19
-0.21
-0.185
-0.18
-0.19
-0.185
-0.175
-0.175
-0.15
-0.14
-0.135
-0.125
-0.1
-0.105
-0.1
-0.12
-0.105
-0.07
-0.04
0
0.03
0.045
0.07
0.11
0.135
0.14
0.14
0.105
0.09
0.02
-0.035
-0.08
-0.16
-0.21
-0.26
-0.265
-0.29
-0.265
-0.25
-0.255
-0.24
-0.225
-0.23
-0.21
-0.195
-0.22
-0.21
-0.22
-0.195
-0.185
-0.205
-0.18
-0.205
-0.19
-0.2
-0.21
-0.205
-0.2
-0.2
-0.185
-0.18
-0.17
-0.145
-0.13
-0.075
-0.01
0.07
0.16
0.23
0.29
0.35
0.41
0.45
0.455
0.47
0.555
0.8
1.07
1.24
1.065
0.595
0.145
-0.09
-0.24
-0.31
-0.34
-0.325
-0.3
-0.305
-0.305
-0.32
-0.34
-0.36
-0.365
-0.365
-0.365
-0.365
-0.35
-0.35
-0.35
-0.34
-0.365
-0.34
-0.33
-0.34
-0.355
-0.335
-0.355
-0.37
-0.39
-0.39
-0.39
-0.345
-0.35
-0.34
-0.335
-0.335
-0.355
-0.36
-0.35
-0.365
-0.34
-0.325
-0.31
-0.305
-0.295
-0.3
-0.275
-0.29
-0.28
-0.27
-0.26
-0.24
-0.235
-0.235
-0.23
-0.245
-0.235
-0.25
-0.245
-0.21
-0.205
-0.21
-0.19
-0.185
-0.19
-0.2
-0.185
-0.225
-0.215
-0.19
-0.15
-0.12
-0.14
-0.14
-0.115
-0.105
-0.06
-0.025
0.035
0.055
0.065
0.11
0.13
0.155
0.14
0.135
0.075
0.015
-0.035
-0.085
-0.15
-0.21
-0.245
-0.285
-0.315
-0.31
-0.305
-0.31
-0.3
-0.29
-0.29
-0.295
-0.29
-0.3
-0.27
-0.27
-0.27
-0.255
-0.275
-0.29
-0.285
-0.29
-0.265
-0.265
-0.26
-0.245
-0.27
-0.28
-0.24
-0.24
-0.235
-0.225
-0.175
-0.11
-0.015
0.045
0.075
0.105
0.125
0.15
0.175
0.185
0.215
0.32
0.525
0.82
1.085
1.035
0.645
0.13
-0.225
-0.395
-0.475
-0.49
-0.485
-0.45
-0.425
-0.425
-0.4
-0.395
-0.4
-0.41
-0.41
-0.425
-0.41
-0.4
-0.4
-0.39
-0.395
-0.405
-0.415
-0.39
-0.39
-0.395
-0.41
-0.405
-0.4
-0.41
-0.4
-0.38
-0.395
-0.365
-0.37
-0.39
-0.355
-0.35
-0.335
-0.325
-0.325
-0.33
-0.3
-0.305
-0.3
-0.29
-0.28
-0.285
-0.26
-0.25
-0.26
-0.275
-0.285
-0.275
-0.26
-0.265
-0.25
-0.25
-0.24
-0.26
-0.235
-0.24
-0.225
-0.22
-0.22
-0.24
-0.22
-0.18
-0.17
-0.18
-0.145
-0.11
-0.07
-0.075
-0.085
-0.055
-0.015
0.01
0.065
0.09
0.085
0.125
0.13
0.14
0.11
0.09
0.015
-0.03
-0.08
-0.14
-0.195
-0.245
-0.29
-0.33
-0.33
-0.305
-0.32
-0.32
-0.32
-0.285
-0.29
-0.275
-0.285
-0.275
-0.25
-0.245
-0.265
-0.245
-0.24
-0.26
-0.26
-0.245
-0.25
-0.24
-0.25
-0.27
-0.27
-0.24
-0.23
-0.24
-0.215
-0.21
-0.155
-0.115
-0.02
0.07
0.125
0.155
0.2
0.21
0.225
0.245
0.3
0.43
0.67
0.95
1.1
0.95
0.48
0
-0.285
-0.395
-0.445
-0.44
-0.425
-0.44
-0.445
-0.45
-0.44
-0.445
-0.465
-0.44
-0.43
-0.425
-0.425
-0.435
-0.425
-0.43
-0.42
-0.415
-0.4
-0.395
-0.37
-0.395
-0.415
-0.4
-0.41
-0.395
-0.405
-0.41
-0.395
-0.4
-0.395
-0.37
-0.365
-0.365
-0.375
-0.37
-0.335
-0.35
-0.35
-0.335
-0.35
-0.32
-0.31
-0.315
-0.31
-0.305
-0.31
-0.295
-0.295
-0.265
-0.285
-0.25
-0.275
-0.275
-0.3
-0.265
-0.24
-0.23
-0.245
-0.245
-0.245
-0.235
-0.21
-0.2
-0.19
-0.205
-0.235
-0.225
-0.23
-0.215
-0.215
-0.19
-0.17
-0.155
-0.165
-0.165
-0.115
-0.07
-0.01
0.01
0.035
0.03
0.08
0.115
0.14
0.14
0.1
0.04
-0.025
-0.085
-0.13
-0.185
-0.245
-0.295
-0.33
-0.32
-0.34
-0.315
-0.305
-0.295
-0.29
-0.305
-0.315
-0.295
-0.28
-0.265
-0.28
-0.28
-0.275
-0.265
-0.28
-0.25
-0.255
-0.24
-0.27
-0.245
-0.25
-0.255
-0.235
-0.225
-0.225
-0.215
-0.175
-0.115
-0.045
0.03
0.095
0.165
0.255
0.32
0.34
0.39
0.395
0.4
0.535
0.8
1.06
1.145
0.905
0.415
0
-0.24
-0.32
-0.335
-0.33
-0.32
-0.335
-0.365
-0.375
-0.365
-0.37
-0.36
-0.36
-0.36
-0.36
-0.36
-0.37
-0.355
-0.375
-0.405
-0.37
-0.365
-0.385
-0.345
-0.365
-0.37
-0.375
-0.36
-0.375
-0.37
-0.365
-0.36
-0.345
-0.35
-0.34
-0.31
-0.32
-0.305
-0.265
-0.28
-0.265
-0.26
-0.26
-0.27
-0.265
-0.255
-0.23
-0.23
-0.245
-0.26
-0.24
-0.23
-0.235
-0.245
-0.24
-0.235
-0.22
-0.205
-0.195
-0.19
-0.185
-0.19
-0.19
-0.16
-0.16
-0.14
-0.15
-0.14
-0.13
-0.14
-0.115
-0.095
-0.1
-0.08
-0.08
-0.06
-0.06
-0.02
0.01
0.065
0.075
0.095
0.12
0.14
0.14
0.16
0.125
0.08
0.025
-0.01
-0.095
-0.145
-0.185
-0.23
-0.25
-0.265
-0.265
-0.265
-0.255
-0.24
-0.23
-0.22
-0.21
-0.245
-0.235
-0.235
-0.24
-0.255
-0.245
-0.26
-0.255
-0.25
-0.26
-0.255
-0.265
-0.26
-0.24
-0.225
-0.23
-0.225
-0.225
-0.24
-0.21
-0.14
-0.09
0.01
0.08
0.145
0.185
0.22
0.235
0.24
0.215
0.245
0.395
0.62
0.915
1.1
1
0.59
0.1
-0.22
-0.365
-0.44
-0.465
-0.42
-0.415
-0.415
-0.44
-0.43
-0.43
-0.42
-0.405
-0.405
-0.435
-0.42
-0.425
-0.395
-0.4
-0.425
-0.415
-0.4
-0.39
-0.41
-0.4
-0.4
-0.405
-0.415
-0.395
-0.395
-0.41
-0.425
-0.405
-0.415
-0.4
-0.395
-0.38
-0.37
-0.37
-0.375
-0.35
-0.345
-0.34
-0.335
-0.32
-0.34
-0.315
-0.305
-0.305
-0.285
-0.29
-0.275
-0.27
-0.285
-0.28
-0.26
-0.25
-0.25
-0.255
-0.26
-0.25
-0.245
-0.23
-0.245
-0.255
-0.24
-0.23
-0.225
-0.205
-0.165
-0.145
-0.16
-0.16
-0.13
-0.1
-0.05
0.015
0.02
0.035
0.055
0.105
0.12
0.105
0.07
0.025
-0.02
-0.1
-0.155
-0.205
-0.245
-0.31
-0.33
-0.335
-0.355
-0.365
-0.35
-0.335
-0.32
-0.33
-0.32
-0.32
-0.325
-0.305
-0.31
-0.29
-0.29
-0.315
-0.315
-0.295
-0.27
-0.25
-0.26
-0.25
-0.26
-0.25
-0.255
-0.24
-0.24
-0.24
-0.225
-0.205
-0.135
-0.05
0.035
0.11
0.17
0.205
0.245
0.255
0.275
0.3
0.375
0.56
0.83
1.055
1.045
0.665
0.185
-0.155
-0.34
-0.42
-0.425
-0.4
-0.405
-0.41
-0.4
-0.42
-0.4
-0.4
-0.395
-0.415
-0.41
-0.42
-0.39
-0.4
-0.42
-0.42
-0.415
-0.41
-0.4
-0.4
-0.43
-0.43
-0.42
-0.4
-0.405
-0.38
-0.395
-0.415
-0.405
-0.405
-0.375
-0.375
-0.365
-0.375
-0.36
-0.345
-0.32
-0.31
-0.315
-0.315
-0.295
-0.31
-0.295
-0.295
-0.3
-0.295
-0.285
-0.28
-0.295
-0.275
-0.26
-0.26
-0.25
-0.24
-0.235
-0.25
-0.265
-0.255
-0.225
-0.205
-0.205
-0.195
-0.2
-0.205
-0.185
-0.185
-0.16
-0.165
-0.16
-0.115
-0.125
-0.115
-0.11
-0.08
-0.085
-0.035
0.005
0.06
0.06
0.095
0.11
0.095
0.125
0.115
0.095
0.055
0
-0.07
-0.13
-0.175
-0.235
-0.275
-0.29
-0.305
-0.315
-0.3
-0.28
-0.29
-0.295
-0.285
-0.275
-0.27
-0.27
-0.28
-0.26
-0.25
-0.25
-0.255
-0.27
-0.275
-0.255
-0.24
-0.255
-0.255
-0.27
-0.265
-0.27
-0.255
-0.245
-0.25
-0.23
-0.155
-0.075
0.01
0.105
0.185
0.255
0.29
0.3
0.34
0.34
0.355
0.495
0.76
1.02
1.115
0.87
0.405
-0.005
-0.265
-0.36
-0.405
-0.425
-0.415
-0.425
-0.46
-0.49
-0.46
-0.455
-0.455
-0.43
-0.44
-0.465
-0.45
-0.45
-0.45
-0.425
-0.42
-0.43
-0.435
-0.44
-0.46
-0.455
-0.455
-0.43
-0.425
-0.44
-0.455
-0.44
-0.455
-0.46
-0.47
-0.455
-0.43
-0.42
-0.41
-0.4
-0.385
-0.38
-0.355
-0.375
-0.36
-0.365
-0.355
-0.33
-0.345
-0.315
-0.295
-0.265
-0.3
-0.29
-0.275
-0.265
-0.26
-0.25
-0.265
-0.27
-0.27
-0.26
-0.25
-0.245
-0.245
-0.225
-0.245
-0.25
-0.25
-0.24
-0.235
-0.215
-0.19
-0.17
-0.155
-0.125
-0.115
-0.045
-0.01
0.025
0.025
0.06
0.095
0.105
0.1
0.095
0.075
0.03
-0.03
-0.09
-0.155
-0.215
-0.26
-0.275
-0.32
-0.33
-0.35
-0.355
-0.345
-0.33
-0.33
-0.32
-0.305
-0.305
-0.29
-0.285
-0.285
-0.27
-0.27
-0.29
-0.285
-0.285
-0.25
-0.245
-0.26
-0.25
-0.26
-0.27
-0.275
-0.24
-0.255
-0.245
-0.235
-0.205
-0.135
-0.05
0.015
0.06
0.12
0.155
0.145
0.14
0.17
0.2
0.315
0.575
0.87
1.065
0.955
0.53
0.035
-0.285
-0.42
-0.485
-0.5
-0.47
-0.435
-0.445
-0.455
-0.44
-0.43
-0.43
-0.425
-0.43
-0.425
-0.41
-0.405
-0.405
-0.445
-0.46
-0.44
-0.44
-0.45
-0.465
-0.46
-0.435
-0.445
-0.445
-0.43
-0.455
-0.46
-0.445
-0.43
-0.41
-0.39
-0.39
-0.375
-0.345
-0.35
-0.365
-0.34
-0.335
-0.34
-0.34
-0.315
-0.305
-0.315
-0.32
-0.315
-0.32
-0.305
-0.31
-0.3
-0.31
-0.305
-0.315
-0.32
-0.32
-0.295
-0.28
-0.28
-0.265
-0.285
-0.27
-0.235
-0.22
-0.25
-0.23
-0.2
-0.16
-0.18
-0.195
-0.185
-0.15
-0.12
-0.055
-0.025
0
0.015
0.015
0.015
0.02
0.015
0
-0.02
-0.07
-0.135
-0.195
-0.255
-0.305
-0.365
-0.4
-0.405
-0.415
-0.425
-0.41
-0.38
-0.365
-0.365
-0.365
-0.34
-0.32
-0.34
-0.365
-0.35
-0.35
-0.34
-0.345
-0.33
-0.32
-0.365
-0.385
-0.37
-0.355
-0.345
-0.34
-0.34
-0.33
-0.305
-0.275
-0.275
-0.22
-0.155
-0.07
0.02
0.105
0.165
0.215
0.22
0.235
0.27
0.31
0.45
0.725
0.95
0.96
0.61
0.155
-0.19
-0.38
-0.5
-0.5
-0.5
-0.475
-0.48
-0.5
-0.505
-0.51
-0.495
-0.49
-0.5
-0.515
-0.515
-0.525
-0.525
-0.505
-0.505
-0.49
-0.495
-0.48
-0.5
-0.505
-0.505
-0.48
-0.49
-0.47
-0.48
-0.48
-0.47
-0.48
-0.48
-0.465
-0.47
-0.47
-0.465
-0.46
-0.45
-0.455
-0.435
-0.425
-0.39
-0.4
-0.4
-0.385
-0.355
-0.37
-0.4
-0.375
-0.34
-0.345
-0.35
-0.34
-0.315
-0.3
-0.295
-0.28
-0.3
-0.305
-0.285
-0.265
-0.29
-0.295
-0.28
-0.3
-0.275
-0.28
-0.24
-0.25
-0.265
-0.225
-0.235
-0.21
-0.205
-0.205
-0.175
-0.155
-0.13
-0.095
-0.05
0.015
0.03
0.06
0.065
0.105
0.095
0.12
0.075
0.03
-0.025
-0.095
-0.135
-0.21
-0.27
-0.305
-0.32
-0.33
-0.335
-0.33
-0.32
-0.315
-0.315
-0.29
-0.29
-0.305
-0.31
-0.295
-0.3
-0.29
-0.26
-0.25
-0.24
-0.24
-0.255
-0.26
-0.255
-0.25
-0.255
-0.235
-0.25
-0.23
-0.215
-0.195
-0.16
-0.105
-0.04
0.04
0.11
0.18
0.225
0.26
0.3
0.305
0.33
0.435
0.635
0.935
1.115
0.995
0.565
0.08
-0.195
-0.355
-0.41
-0.425
-0.42
-0.39
-0.44
-0.44
-0.43
-0.43
-0.41
-0.425
-0.435
-0.44
-0.44
-0.48
-0.46
-0.475
-0.465
-0.46
-0.465
-0.46
-0.45
-0.47
-0.465
-0.465
-0.465
-0.47
-0.465
-0.465
-0.46
-0.44
-0.425
-0.42
-0.42
-0.41
-0.41
-0.4
-0.4
-0.39
-0.37
-0.36
-0.365
-0.355
-0.355
-0.365
-0.37
-0.36
-0.365
-0.36
-0.35
-0.34
-0.35
-0.36
-0.315
-0.325
-0.31
-0.3
-0.305
-0.3
-0.295
-0.29
-0.28
-0.27
-0.275
-0.255
-0.23
-0.225
-0.23
-0.21
-0.19
-0.185
-0.185
-0.15
-0.08
-0.055
-0.04
-0.025
-0.015
0.005
0.035
0.045
0.02
0.005
-0.045
-0.08
-0.14
-0.205
-0.255
-0.3
-0.34
-0.36
-0.37
-0.365
-0.365
-0.355
-0.35
-0.355
-0.335
-0.335
-0.33
-0.335
-0.34
-0.33
-0.345
-0.35
-0.355
-0.345
-0.33
-0.37
-0.39
-0.36
-0.36
-0.34
-0.345
-0.34
-0.35
-0.33
-0.31
-0.285
-0.24
-0.18
-0.12
-0.05
0.02
0.075
0.125
0.15
0.115
0.14
0.185
0.34
0.59
0.885
1.03
0.865
0.395
-0.045
-0.32
-0.45
-0.535
-0.545
-0.51
-0.495
-0.495
-0.495
-0.495
-0.46
-0.46
-0.475
-0.47
-0.46
-0.46
-0.465
-0.475
-0.45
-0.42
-0.425
-0.46
-0.435
-0.44
-0.435
-0.42
-0.43
-0.43
-0.425
-0.44
-0.415
-0.44
-0.45
-0.44
-0.42
-0.42
-0.425
-0.425
-0.39
-0.37
-0.36
-0.365
-0.365
-0.34
-0.34
-0.345
-0.32
-0.335
-0.315
-0.305
-0.3
-0.28
-0.28
-0.27
-0.28
-0.27
-0.27
-0.285
-0.27
-0.255
-0.24
-0.25
-0.26
-0.245
-0.24
-0.24
-0.23
-0.23
-0.215
-0.2
-0.17
-0.135
-0.155
-0.15
-0.12
-0.075
-0.005
0.01
0.01
0.035
0.1
0.115
0.105
0.095
0.065
0.015
-0.05
-0.095
-0.155
-0.215
-0.255
-0.29
-0.34
-0.385
-0.385
-0.365
-0.355
-0.335
-0.34
-0.305
-0.31
-0.295
-0.3
-0.295
-0.29
-0.29
-0.32
-0.315
-0.3
-0.29
-0.28
-0.26
-0.275
-0.295
-0.28
-0.27
-0.27
-0.27
-0.28
-0.27
-0.225
-0.195
-0.135
-0.035
0.03
0.08
0.15
0.185
0.205
0.24
0.24
0.28
0.365
0.55
0.845
1.06
0.98
0.605
0.08
-0.255
-0.375
-0.46
-0.455
-0.43
-0.42
-0.42
-0.43
-0.425
-0.45
-0.44
-0.435
-0.39
-0.385
-0.41
-0.405
-0.41
-0.44
-0.475
-0.44
-0.43
-0.445
-0.445
-0.425
-0.445
-0.435
-0.44
-0.445
-0.445
-0.455
-0.445
-0.445
-0.42
-0.41
-0.4
-0.4
-0.39
-0.385
-0.39
-0.36
-0.35
-0.33
-0.32
-0.355
-0.35
-0.345
-0.33
-0.31
-0.33
-0.33
-0.305
-0.29
-0.305
-0.315
-0.305
-0.3
-0.305
-0.3
-0.285
-0.315
-0.28
-0.275
-0.26
-0.25
-0.215
-0.24
-0.24
-0.225
-0.22
-0.21
-0.205
-0.2
-0.195
-0.17
-0.18
-0.17
-0.14
-0.13
-0.08
-0.05
-0.025
-0.005
0.045
0.065
0.09
0.095
0.115
0.08
0.03
-0.03
-0.075
-0.11
-0.2
-0.22
-0.29
-0.305
-0.31
-0.31
-0.29
-0.31
-0.295
-0.28
-0.26
-0.27
-0.275
-0.3
-0.28
-0.27
-0.275
-0.265
-0.275
-0.27
-0.27
-0.275
-0.295
-0.26
-0.275
-0.265
-0.27
-0.265
-0.275
-0.24
-0.23
-0.22
-0.19
-0.105
0.01
0.08
0.175
0.235
0.315
0.365
0.4
0.395
0.415
0.51
0.7
0.975
1.155
1.035
0.6
0.14
-0.145
-0.255
-0.32
-0.35
-0.33
-0.35
-0.38
-0.415
-0.395
-0.395
-0.37
-0.375
-0.38
-0.38
-0.38
-0.38
-0.35
-0.36
-0.37
-0.36
-0.355
-0.36
-0.375
-0.36
-0.37
-0.345
-0.37
-0.37
-0.395
-0.355
-0.365
-0.355
-0.37
-0.38
-0.395
-0.35
-0.345
-0.35
-0.37
-0.335
-0.325
-0.31
-0.33
-0.31
-0.295
-0.29
-0.28
-0.27
-0.265
-0.275
-0.28
-0.265
-0.26
-0.245
-0.25
-0.25
-0.245
-0.235
-0.22
-0.24
-0.235
-0.235
-0.23
-0.21
-0.2
-0.225
-0.225
-0.22
-0.22
-0.2
-0.19
-0.17
-0.155
-0.11
-0.105
-0.125
-0.115
-0.075
-0.02
0.03
0.065
0.075
0.09
0.115
0.13
0.11
0.1
0.07
0.055
-0.005
-0.08
-0.15
-0.19
-0.245
-0.275
-0.305
-0.3
-0.305
-0.31
-0.32
-0.31
-0.295
-0.285
-0.28
-0.29
-0.285
-0.285
-0.29
-0.28
-0.255
-0.265
-0.265
-0.27
-0.26
-0.27
-0.275
-0.265
-0.265
-0.255
-0.25
-0.235
-0.255
-0.25
-0.205
-0.17
-0.09
-0.005
0.065
0.085
0.135
0.155
0.16
0.18
0.195
0.27
0.465
0.745
1.025
1.065
0.75
0.26
-0.135
-0.34
-0.435
-0.505
-0.46
-0.425
-0.45
-0.44
-0.45
-0.445
-0.435
-0.44
-0.445
-0.425
-0.435
-0.45
-0.44
-0.455
-0.44
-0.44
-0.44
-0.46
-0.445
-0.455
-0.44
-0.43
-0.425
-0.445
-0.44
-0.425
-0.41
-0.375
-0.4
-0.41
-0.39
-0.395
-0.395
-0.37
-0.35
-0.375
-0.365
-0.34
-0.34
-0.35
-0.34
-0.355
-0.34
-0.32
-0.325
-0.315
-0.29
-0.295
-0.295
-0.315
-0.31
-0.32
-0.295
-0.285
-0.29
-0.27
-0.25
-0.25
-0.26
-0.245
-0.22
-0.21
-0.205
-0.195
-0.175
-0.145
-0.15
-0.13
-0.11
-0.09
-0.045
-0.005
0.005
0.025
0.035
0.07
0.065
0.075
0.03
-0.01
-0.06
-0.125
-0.19
-0.245
-0.29
-0.33
-0.35
-0.365
-0.345
-0.335
-0.335
-0.345
-0.325
-0.32
-0.32
-0.31
-0.315
-0.305
-0.295
-0.28
-0.32
-0.32
-0.325
-0.32
-0.31
-0.32
-0.31
-0.31
-0.315
-0.3
-0.295
-0.28
-0.29
-0.285
-0.275
-0.225
-0.15
-0.04
0.06
0.085
0.14
0.15
0.18
0.185
0.21
0.24
0.37
0.635
0.93
1.085
0.86
0.365
-0.08
-0.365
-0.46
-0.54
-0.515
-0.5
-0.49
-0.495
-0.475
-0.47
-0.455
-0.48
-0.45
-0.47
-0.45
-0.455
-0.43
-0.41
-0.415
-0.41
-0.395
-0.43
-0.455
-0.45
-0.465
-0.425
-0.415
-0.435
-0.435
-0.445
-0.43
-0.45
-0.46
-0.44
-0.42
-0.41
-0.405
-0.405
-0.395
-0.375
-0.385
-0.365
-0.36
-0.345
-0.345
-0.33
-0.32
-0.31
-0.315
-0.31
-0.32
-0.3
-0.3
-0.29
-0.305
-0.27
-0.27
-0.285
-0.29
-0.295
-0.295
-0.31
-0.275
-0.275
-0.255
-0.26
-0.245
-0.25
-0.24
-0.225
-0.25
-0.255
-0.22
-0.19
-0.185
-0.18
-0.2
-0.165
-0.12
-0.085
-0.045
0
0.01
0.02
0.04
0.045
0.07
0.08
0.035
-0.015
-0.08
-0.135
-0.21
-0.26
-0.32
-0.345
-0.355
-0.385
-0.375
-0.375
-0.37
-0.335
-0.34
-0.37
-0.38
-0.365
-0.335
-0.305
-0.31
-0.31
-0.335
-0.345
-0.34
-0.32
-0.32
-0.32
-0.31
-0.295
-0.31
-0.34
-0.345
-0.33
-0.315
-0.265
-0.22
-0.175
-0.095
0
0.065
0.13
0.19
0.24
0.27
0.29
0.315
0.4
0.595
0.87
1.045
0.93
0.51
0.04
-0.23
-0.365
-0.45
-0.46
-0.43
-0.445
-0.445
-0.475
-0.48
-0.49
-0.5
-0.5
-0.495
-0.48
-0.47
-0.47
-0.485
-0.505
-0.505
-0.505
-0.49
-0.475
-0.49
-0.48
-0.475
-0.475
-0.475
-0.455
-0.46
-0.45
-0.455
-0.465
-0.455
-0.43
-0.43
-0.42
-0.425
-0.41
-0.385
-0.375
-0.395
-0.385
-0.37
-0.39
-0.37
-0.365
-0.355
-0.355
-0.365
-0.325
-0.335
-0.325
-0.335
-0.325
-0.31
-0.315
-0.3
-0.305
-0.28
-0.27
-0.255
-0.25
-0.24
-0.265
-0.255
-0.235
-0.24
-0.235
-0.235
-0.215
-0.205
-0.18
-0.195
-0.195
-0.175
-0.135
-0.13
-0.08
-0.055
-0.015
0.005
0.015
0.03
0.05
0.065
0.08
0.035
-0.01
-0.06
-0.12
-0.19
-0.23
-0.28
-0.315
-0.34
-0.33
-0.34
-0.32
-0.32
-0.32
-0.31
-0.295
-0.305
-0.32
-0.34
-0.33
-0.315
-0.3
-0.31
-0.295
-0.29
-0.305
-0.29
-0.3
-0.295
-0.325
-0.32
-0.31
-0.3
-0.285
-0.27
-0.26
-0.22
-0.18
-0.09
-0.01
0.045
0.125
0.155
0.18
0.18
0.185
0.21
0.27
0.51
0.79
1.04
1.01
0.625
0.125
-0.22
-0.39
-0.465
-0.505
-0.5
-0.475
-0.48
-0.48
-0.475
-0.475
-0.46
-0.455
-0.44
-0.445
-0.445
-0.445
-0.445
-0.445
-0.425
-0.44
-0.445
-0.455
-0.46
-0.45
-0.45
-0.46
-0.455
-0.475
-0.46
-0.47
-0.445
-0.46
-0.44
-0.435
-0.44
-0.44
-0.4
-0.41
-0.41
-0.38
-0.365
-0.34
-0.355
-0.335
-0.325
-0.33
-0.34
-0.33
-0.315
-0.29
-0.32
-0.315
-0.295
-0.31
-0.315
-0.335
-0.295
-0.305
-0.305
-0.3
-0.29
-0.285
-0.27
-0.295
-0.265
-0.28
-0.265
-0.25
-0.205
-0.185
-0.195
-0.195
-0.155
-0.14
-0.085
-0.02
0.01
0.01
0.04
0.05
0.045
0.05
0.04
0.005
-0.035
-0.095
-0.155
-0.21
-0.28
-0.335
-0.365
-0.375
-0.39
-0.395
-0.38
-0.375
-0.38
-0.36
-0.36
-0.38
-0.365
-0.37
-0.36
-0.35
-0.35
-0.34
-0.355
-0.365
-0.33
-0.34
-0.325
-0.32
-0.35
-0.35
-0.355
-0.355
-0.355
-0.34
-0.34
-0.305
-0.24
-0.16
-0.105
-0.03
0.05
0.08
0.095
0.1
0.1
0.12
0.18
0.34
0.64
0.92
1.06
0.795
0.32
-0.16
-0.41
-0.51
-0.57
-0.545
-0.525
-0.535
-0.54
-0.515
-0.495
-0.52
-0.525
-0.505
-0.505
-0.495
-0.51
-0.515
-0.5
-0.5
-0.485
-0.49
-0.505
-0.505
-0.505
-0.5
-0.5
-0.49
-0.46
-0.465
-0.475
-0.49
-0.48
-0.465
-0.455
-0.455
-0.43
-0.425
-0.445
-0.45
-0.45
-0.44
-0.435
-0.435
-0.41
-0.405
-0.395
-0.375
-0.35
-0.34
-0.365
-0.37
-0.365
-0.365
-0.355
-0.315
-0.32
-0.31
-0.32
-0.34
-0.32
-0.3
-0.29
-0.265
-0.245
-0.26
-0.26
-0.28
-0.265
-0.25
-0.225
-0.215
-0.22
-0.19
-0.175
-0.12
-0.085
-0.055
-0.035
-0.005
0.02
0.045
0.06
0.065
0.07
-0.01
-0.05
-0.12
-0.165
-0.245
-0.28
-0.31
-0.31
-0.355
-0.38
-0.38
-0.35
-0.34
-0.345
-0.335
-0.32
-0.32
-0.345
-0.34
-0.33
-0.335
-0.315
-0.34
-0.33
-0.31
-0.31
-0.3
-0.315
-0.32
-0.305
-0.345
-0.355
-0.31
-0.27
-0.22
-0.215
-0.19
-0.14
-0.05
0.03
0.11
0.17
0.225
0.275
0.29
0.28
0.29
0.375
0.555
0.835
1.03
0.94
0.54
0.07
-0.235
-0.38
-0.425
-0.465
-0.45
-0.45
-0.485
-0.49
-0.465
-0.45
-0.45
-0.435
-0.47
-0.46
-0.47
-0.47
-0.45
-0.43
-0.43
-0.435
-0.44
-0.43
-0.435
-0.445
-0.46
-0.46
-0.48
-0.49
-0.48
-0.465
-0.455
-0.45
-0.43
-0.44
-0.42
-0.425
-0.44
-0.415
-0.41
-0.395
-0.36
-0.35
-0.35
-0.34
-0.33
-0.3
-0.3
-0.305
-0.335
-0.315
-0.35
-0.34
-0.35
-0.31
-0.335
-0.325
-0.32
-0.33
-0.315
-0.31
-0.275
-0.27
-0.29
-0.265
-0.24
-0.21
-0.22
-0.255
-0.255
-0.26
-0.21
-0.175
-0.155
-0.155
-0.16
-0.16
-0.125
-0.09
-0.06
-0.015
0.015
0.03
0.075
0.1
0.1
0.09
0.08
0.03
-0.01
-0.065
-0.13
-0.185
-0.23
-0.285
-0.295
-0.325
-0.34
-0.335
-0.305
-0.305
-0.3
-0.28
-0.265
-0.25
-0.25
-0.25
-0.25
-0.265
-0.25
-0.225
-0.23
-0.24
-0.245
-0.25
-0.26
-0.255
-0.255
-0.24
-0.26
-0.24
-0.23
-0.23
-0.205
-0.17
-0.13
-0.05
0.045
0.1
0.19
0.255
0.305
0.35
0.36
0.33
0.395
0.565
0.85
1.11
1.13
0.8
0.295
-0.08
-0.285
-0.385
-0.42
-0.405
-0.4
-0.425
-0.455
-0.445
-0.435
-0.445
-0.44
-0.425
-0.42
-0.43
-0.405
-0.43
-0.45
-0.445
-0.435
-0.445
-0.42
-0.43
-0.42
-0.41
-0.42
-0.435
-0.44
-0.425
-0.43
-0.43
-0.42
-0.39
-0.39
-0.385
-0.4
-0.405
-0.39
-0.38
-0.375
-0.35
-0.355
-0.36
-0.335
-0.32
-0.34
-0.34
-0.33
-0.31
-0.29
-0.29
-0.3
-0.265
-0.285
-0.27
-0.27
-0.27
-0.25
-0.23
-0.25
-0.23
-0.255
-0.23
-0.215
-0.215
-0.235
-0.225
-0.22
-0.2
-0.19
-0.165
-0.17
-0.14
-0.135
-0.1
-0.055
-0.005
0.005
0.005
0.055
0.08
0.1
0.11
0.1
0.07
0.005
-0.04
-0.105
-0.155
-0.205
-0.255
-0.295
-0.325
-0.345
-0.32
-0.295
-0.275
-0.305
-0.31
-0.335
-0.33
-0.31
-0.32
-0.31
-0.295
-0.3
-0.29
-0.29
-0.29
-0.28
-0.29
-0.31
-0.29
-0.28
-0.28
-0.28
-0.285
-0.26
-0.26
-0.245
-0.205
-0.19
-0.135
-0.04
0.025
0.075
0.145
0.185
0.16
0.14
0.175
0.19
0.31
0.555
0.855
1.06
0.97
0.555
0.07
-0.28
-0.43
-0.5
-0.51
-0.47
-0.445
-0.465
-0.495
-0.465
-0.465
-0.425
-0.445
-0.42
-0.425
-0.425
-0.44
-0.445
-0.43
-0.445
-0.425
-0.42
-0.44
-0.46
-0.455
-0.47
-0.465
-0.47
-0.44
-0.45
-0.43
-0.435
-0.435
-0.41
-0.44
-0.43
-0.445
-0.4
-0.42
-0.395
-0.375
-0.36
-0.36
-0.36
-0.36
-0.335
-0.345
-0.35
-0.325
-0.33
-0.33
-0.32
-0.315
-0.33
-0.33
-0.32
-0.32
-0.33
-0.34
-0.31
-0.305
-0.3
-0.29
-0.28
-0.27
-0.26
-0.27
-0.25
-0.26
-0.23
-0.2
-0.17
-0.17
-0.145
-0.115
-0.11
-0.06
-0.015
0.01
-0.005
0.03
0.055
0.05
0.07
0.02
-0.01
-0.065
-0.13
-0.19
-0.275
-0.315
-0.345
-0.385
-0.385
-0.345
-0.37
-0.375
-0.375
-0.39
-0.37
-0.365
-0.32
-0.32
-0.33
-0.33
-0.325
-0.32
-0.325
-0.33
-0.3
-0.325
-0.325
-0.335
-0.315
-0.32
-0.325
-0.335
-0.35
-0.35
-0.335
-0.28
-0.245
-0.225
-0.14
-0.06
-0.005
0.04
0.08
0.1
0.13
0.135
0.18
0.25
0.44
0.74
1.015
1.045
0.735
0.215
-0.185
-0.395
-0.485
-0.525
-0.52
-0.49
-0.495
-0.5
-0.5
-0.48
-0.47
-0.47
-0.49
-0.455
-0.485
-0.475
-0.45
-0.435
-0.435
-0.455
-0.45
-0.46
-0.46
-0.445
-0.42
-0.41
-0.41
-0.425
-0.415
-0.45
-0.44
-0.445
-0.425
-0.395
-0.38
-0.38
-0.36
-0.37
-0.395
-0.37
-0.38
-0.38
-0.395
-0.37
-0.36
-0.34
-0.315
-0.34
-0.34
-0.335
-0.33
-0.335
-0.33
-0.325
-0.315
-0.3
-0.29
-0.28
-0.29
-0.28
-0.275
-0.26
-0.25
-0.245
-0.27
-0.25
-0.255
-0.25
-0.24
-0.21
-0.215
-0.215
-0.185
-0.175
-0.16
-0.09
-0.05
-0.025
-0.03
0.015
0.045
0.085
0.08
0.06
0.04
-0.01
-0.065
-0.11
-0.175
-0.24
-0.295
-0.335
-0.355
-0.37
-0.36
-0.345
-0.345
-0.305
-0.325
-0.325
-0.335
-0.355
-0.365
-0.33
-0.335
-0.32
-0.31
-0.29
-0.31
-0.28
-0.29
-0.295
-0.315
-0.325
-0.31
-0.31
-0.33
-0.315
-0.29
-0.285
-0.22
-0.175
-0.135
-0.045
0.035
0.11
0.17
0.235
0.29
0.31
0.295
0.29
0.395
0.615
0.91
1.07
0.87
0.37
-0.095
-0.34
-0.44
-0.49
-0.48
-0.44
-0.435
-0.505
-0.525
-0.5
-0.48
-0.475
-0.465
-0.45
-0.435
-0.435
-0.445
-0.46
-0.46
-0.445
-0.44
-0.44
-0.46
-0.5
-0.485
-0.49
-0.46
-0.47
-0.485
-0.48
-0.46
-0.49
-0.47
-0.43
-0.44
-0.44
-0.425
-0.435
-0.43
-0.42
-0.43
-0.405
-0.37
-0.345
-0.32
-0.335
-0.36
-0.335
-0.335
-0.34
-0.35
-0.32
-0.31
-0.27
-0.28
-0.305
-0.32
-0.32
-0.315
-0.295
-0.29
-0.29
-0.27
-0.265
-0.28
-0.25
-0.23
-0.245
-0.25
-0.26
-0.275
-0.24
-0.23
-0.2
-0.2
-0.175
-0.18
-0.185
-0.135
-0.085
-0.01
0
0.03
0.04
0.07
0.065
0.075
0.08
0.075
0.005
-0.04
-0.085
-0.145
-0.2
-0.275
-0.3
-0.345
-0.325
-0.325
-0.32
-0.315
-0.335
-0.335
-0.31
-0.305
-0.275
-0.275
-0.285
-0.27
-0.255
-0.245
-0.25
-0.26
-0.255
-0.27
-0.27
-0.265
-0.26
-0.245
-0.275
-0.275
-0.27
-0.22
-0.195
-0.19
-0.13
-0.06
0.035
0.105
0.19
0.25
0.3
0.345
0.37
0.39
0.44
0.58
0.805
1.085
1.195
0.975
0.505
0.055
-0.16
-0.295
-0.33
-0.34
-0.36
-0.37
-0.42
-0.425
-0.425
-0.385
-0.405
-0.415
-0.415
-0.42
-0.42
-0.4
-0.4
-0.405
-0.405
-0.395
-0.41
-0.43
-0.42
-0.4
-0.385
-0.4
-0.4
-0.42
-0.4
-0.405
-0.39
-0.39
-0.375
-0.395
-0.385
-0.38
-0.36
-0.375
-0.365
-0.38
-0.4
-0.355
-0.36
-0.33
-0.34
-0.33
-0.33
-0.305
-0.3
-0.295
-0.305
-0.32
-0.29
-0.27
-0.295
-0.28
-0.265
-0.265
-0.25
-0.24
-0.25
-0.24
-0.24
-0.235
-0.225
-0.22
-0.215
-0.22
-0.19
-0.175
-0.16
-0.18
-0.16
-0.15
-0.12
-0.085
-0.005
0.05
0.04
0.05
0.06
0.06
0.08
0.08
0.075
0.055
0
-0.075
-0.14
-0.18
-0.23
-0.285
-0.305
-0.315
-0.325
-0.31
-0.3
-0.32
-0.32
-0.33
-0.3
-0.325
-0.34
-0.365
-0.345
-0.32
-0.295
-0.285
-0.3
-0.315
-0.345
-0.325
-0.305
-0.335
-0.305
-0.305
-0.29
-0.285
-0.28
-0.27
-0.25
-0.205
-0.14
-0.055
0
0.06
0.075
0.14
0.155
0.145
0.16
0.18
0.265
0.49
0.785
1.015
0.955
0.54
0.03
-0.31
-0.46
-0.52
-0.54
-0.52
-0.49
-0.5
-0.465
-0.465
-0.445
-0.435
-0.445
-0.435
-0.435
-0.445
-0.45
-0.44
-0.43
-0.425
-0.455
-0.46
-0.47
-0.475
-0.465
-0.46
-0.49
-0.48
-0.49
-0.46
-0.44
-0.44
-0.45
-0.45
-0.45
-0.44
-0.445
-0.42
-0.395
-0.385
-0.36
-0.37
-0.365
-0.34
-0.355
-0.34
-0.34
-0.33
-0.32
-0.32
-0.32
-0.32
-0.32
-0.305
-0.315
-0.305
-0.295
-0.285
-0.305
-0.31
-0.29
-0.275
-0.265
-0.255
-0.265
-0.27
-0.26
-0.26
-0.205
-0.19
-0.155
-0.145
-0.125
-0.12
-0.11
-0.05
0
0.02
0.025
0.04
0.085
0.09
0.07
0.085
0.035
-0.02
-0.08
-0.145
-0.2
-0.265
-0.305
-0.34
-0.35
-0.345
-0.335
-0.335
-0.315
-0.32
-0.31
-0.3
-0.32
-0.295
-0.265
-0.26
-0.265
-0.275
-0.28
-0.275
-0.26
-0.26
-0.26
-0.245
-0.275
-0.28
-0.29
-0.31
-0.285
-0.285
-0.28
-0.28
-0.25
-0.18
-0.115
-0.015
0.04
0.09
0.14
0.15
0.165
0.18
0.225
0.28
0.435
0.72
1.01
1.06
0.77
0.26
-0.135
-0.365
-0.45
-0.495
-0.5
-0.48
-0.47
-0.485
-0.475
-0.46
-0.455
-0.48
-0.46
-0.45
-0.42
-0.41
-0.415
-0.43
-0.45
-0.455
-0.44
-0.45
-0.45
-0.455
-0.43
-0.41
-0.395
-0.41
-0.405
-0.415
-0.41
-0.4
-0.395
-0.4
-0.39
-0.39
-0.39
-0.355
-0.38
-0.365
-0.345
-0.345
-0.355
-0.365
-0.34
-0.345
-0.33
-0.33
-0.325
-0.315
-0.315
-0.335
-0.31
-0.29
-0.275
-0.28
-0.265
-0.245
-0.245
-0.25
-0.23
-0.22
-0.22
-0.24
-0.245
-0.225
-0.225
-0.24
-0.225
-0.255
-0.25
-0.245
-0.205
-0.215
-0.185
-0.15
-0.175
-0.195
-0.17
-0.145
-0.105
-0.075
0
0.025
0.075
0.105
0.11
0.115
0.09
0.04
-0.01
-0.06
-0.13
-0.165
-0.21
-0.24
-0.285
-0.35
-0.36
-0.365
-0.33
-0.35
-0.36
-0.335
-0.345
-0.325
-0.32
-0.34
-0.31
-0.33
-0.315
-0.31
-0.315
-0.315
-0.31
-0.31
-0.31
-0.29
-0.28
-0.27
-0.265
-0.25
-0.26
-0.27
-0.25
-0.215
-0.16
-0.13
-0.04
0.045
0.125
0.205
0.265
0.295
0.315
0.31
0.41
0.57
0.82
1.07
1.07
0.725
0.21
-0.155
-0.315
-0.38
-0.4
-0.38
-0.405
-0.435
-0.465
-0.485
-0.48
-0.465
-0.46
-0.46
-0.47
-0.47
-0.465
-0.44
-0.455
-0.465
-0.485
-0.45
-0.45
-0.465
-0.47
-0.46
-0.475
-0.48
-0.48
-0.47
-0.46
-0.465
-0.45
-0.435
-0.42
-0.405
-0.41
-0.375
-0.39
-0.39
-0.4
-0.395
-0.375
-0.36
-0.37
-0.345
-0.345
-0.33
-0.34
-0.34
-0.345
-0.335
-0.315
-0.3
-0.32
-0.3
-0.285
-0.285
-0.28
-0.255
-0.255
-0.24
-0.24
-0.235
-0.22
-0.215
-0.195
-0.205
-0.185
-0.185
-0.19
-0.185
-0.18
-0.16
-0.14
-0.115
-0.125
-0.13
-0.09
-0.07
-0.035
0
0.05
0.07
0.09
0.115
0.11
0.125
0.11
0.05
0.02
-0.02
-0.1
-0.16
-0.23
-0.255
-0.285
-0.305
-0.3
-0.31
-0.28
-0.265
-0.27
-0.265
-0.27
-0.28
-0.255
-0.245
-0.26
-0.275
-0.25
-0.28
-0.275
-0.31
-0.315
-0.31
-0.285
-0.3
-0.3
-0.275
-0.265
-0.27
-0.27
-0.285
-0.23
-0.21
-0.13
-0.055
0.02
0.095
0.145
0.185
0.21
0.22
0.21
0.26
0.335
0.57
0.86
1.085
1.04
0.67
0.135
-0.22
-0.385
-0.45
-0.48
-0.45
-0.43
-0.42
-0.455
-0.45
-0.465
-0.45
-0.45
-0.44
-0.44
-0.44
-0.43
-0.425
-0.41
-0.39
-0.39
-0.42
-0.46
-0.46
-0.44
-0.42
-0.415
-0.415
-0.41
-0.425
-0.435
-0.445
-0.42
-0.405
-0.43
-0.435
-0.405
-0.405
-0.38
-0.4
-0.395
-0.375
-0.38
-0.375
-0.355
-0.34
-0.335
-0.325
-0.32
-0.29
-0.305
-0.32
-0.32
-0.315
-0.315
-0.285
-0.27
-0.28
-0.29
-0.3
-0.295
-0.295
-0.295
-0.29
-0.29
-0.28
-0.28
-0.265
-0.235
-0.22
-0.21
-0.2
-0.185
-0.16
-0.1
-0.07
-0.025
-0.005
0.05
0.06
0.07
0.09
0.08
0.06
0.005
-0.04
-0.075
-0.155
-0.21
-0.26
-0.31
-0.345
-0.385
-0.395
-0.39
-0.375
-0.38
-0.36
-0.345
-0.34
-0.325
-0.34
-0.345
-0.32
-0.32
-0.335
-0.335
-0.34
-0.325
-0.31
-0.3
-0.305
-0.295
-0.295
-0.32
-0.315
-0.31
-0.32
-0.295
-0.295
-0.245
-0.22
-0.165
-0.095
-0.03
0.015
0.06
0.085
0.1
0.11
0.14
0.19
0.33
0.58
0.895
1.035
0.84
0.355
-0.105
-0.36
-0.475
-0.535
-0.53
-0.485
-0.495
-0.48
-0.485
-0.455
-0.455
-0.46
-0.45
-0.455
-0.45
-0.455
-0.445
-0.455
-0.455
-0.49
-0.48
-0.485
-0.475
-0.48
-0.465
-0.47
-0.465
-0.455
-0.465
-0.46
-0.46
-0.455
-0.46
-0.45
-0.425
-0.41
-0.415
-0.41
-0.395
-0.395
-0.39
-0.385
-0.37
-0.37
-0.37
-0.34
-0.35
-0.36
-0.34
-0.335
-0.35
-0.34
-0.335
-0.33
-0.28
-0.295
-0.315
-0.315
-0.3
-0.295
-0.285
-0.295
-0.29
-0.265
-0.25
-0.24
-0.24
-0.23
-0.215
-0.2
-0.195
-0.185
-0.185
-0.175
-0.185
-0.165
-0.105
-0.065
-0.025
-0.01
-0.005
0.01
0.005
0.04
0.045
0.02
-0.025
-0.065
-0.105
-0.16
-0.225
-0.315
-0.365
-0.37
-0.37
-0.375
-0.345
-0.335
-0.31
-0.335
-0.33
-0.33
-0.35
-0.32
-0.325
-0.305
-0.305
-0.3
-0.28
-0.31
-0.335
-0.32
-0.315
-0.32
-0.3
-0.28
-0.275
-0.295
-0.33
-0.32
-0.31
-0.285
-0.225
-0.16
-0.095
0
0.09
0.17
0.23
0.28
0.275
0.305
0.3
0.38
0.57
0.85
1.03
0.955
0.585
0.11
-0.205
-0.36
-0.44
-0.46
-0.425
-0.425
-0.45
-0.47
-0.45
-0.46
-0.47
-0.46
-0.475
-0.445
-0.44
-0.435
-0.44
-0.435
-0.44
-0.445
-0.435
-0.435
-0.43
-0.44
-0.455
-0.435
-0.44
-0.45
-0.455
-0.44
-0.445
-0.45
-0.46
-0.45
-0.45
-0.42
-0.41
-0.415
-0.425
-0.415
-0.405
-0.415
-0.395
-0.39
-0.38
-0.37
-0.345
-0.34
-0.32
-0.325
-0.32
-0.315
-0.325
-0.32
-0.31
-0.295
-0.29
-0.315
-0.29
-0.3
-0.28
-0.27
-0.275
-0.265
-0.295
-0.3
-0.265
-0.26
-0.27
-0.245
-0.25
-0.225
-0.24
-0.215
-0.195
-0.16
-0.165
-0.14
-0.12
-0.08
-0.035
0.005
0.035
0.03
0.08
0.075
0.09
0.1
0.075
0.025
-0.03
-0.095
-0.155
-0.23
-0.28
-0.32
-0.335
-0.34
-0.365
-0.345
-0.32
-0.32
-0.33
-0.32
-0.325
-0.34
-0.32
-0.315
-0.28
-0.285
-0.265
-0.26
-0.31
-0.305
-0.305
-0.315
-0.29
-0.27
-0.285
-0.295
-0.285
-0.3
-0.295
-0.285
-0.245
-0.2
-0.105
-0.03
0.03
0.11
0.15
0.185
0.21
0.215
0.225
0.29
0.465
0.72
1.025
1.095
0.81
0.3
-0.115
-0.3
-0.415
-0.475
-0.445
-0.42
-0.43
-0.465
-0.465
-0.47
-0.455
-0.465
-0.465
-0.465
-0.465
-0.46
-0.42
-0.425
-0.455
-0.47
-0.47
-0.46
-0.455
-0.42
-0.435
-0.435
-0.425
-0.42
-0.42
-0.4
-0.42
-0.415
-0.42
-0.405
-0.39
-0.38
-0.39
-0.395
-0.395
-0.375
-0.37
-0.38
-0.365
-0.36
-0.325
-0.31
-0.34
-0.33
-0.32
-0.315
-0.315
-0.335
-0.315
-0.29
-0.28
-0.28
-0.265
-0.27
-0.275
-0.275
-0.24
-0.225
-0.22
-0.23
-0.205
-0.215
-0.2
-0.155
-0.145
-0.155
-0.18
-0.135
-0.12
-0.065
-0.01
0.005
0.04
0.055
0.075
0.105
0.105
0.095
0.05
0
-0.05
-0.105
-0.165
-0.2
-0.245
-0.29
-0.315
-0.315
-0.33
-0.335
-0.33
-0.31
-0.29
-0.29
-0.28
-0.28
-0.285
-0.285
-0.28
-0.285
-0.295
-0.295
-0.285
-0.28
-0.295
-0.28
-0.275
-0.28
-0.28
-0.295
-0.285
-0.275
-0.275
-0.24
-0.225
-0.175
-0.105
-0.04
0.025
0.07
0.12
0.15
0.14
0.15
0.17
0.225
0.36
0.605
0.9
1.05
0.875
0.405
-0.085
-0.35
-0.46
-0.5
-0.495
-0.475
-0.475
-0.495
-0.47
-0.46
-0.45
-0.455
-0.425
-0.425
-0.43
-0.43
-0.43
-0.425
-0.425
-0.41
-0.435
-0.415
-0.43
-0.445
-0.425
-0.445
-0.465
-0.46
-0.455
-0.435
-0.445
-0.445
-0.435
-0.435
-0.43
-0.415
-0.41
-0.41
-0.4
-0.395
-0.37
-0.36
-0.35
-0.34
-0.315
-0.31
-0.3
-0.3
-0.29
-0.32
-0.3
-0.285
-0.29
-0.275
-0.285
-0.28
-0.295
-0.3
-0.29
-0.29
-0.3
-0.285
-0.28
-0.26
-0.255
-0.255
-0.26
-0.27
-0.26
-0.265
-0.245
-0.21
-0.17
-0.13
-0.135
-0.145
-0.135
-0.075
-0.055
-0.02
0.01
0.035
0.065
0.09
0.09
0.085
0.04
-0.025
-0.1
-0.135
-0.185
-0.265
-0.29
-0.34
-0.4
-0.385
-0.38
-0.365
-0.37
-0.34
-0.3
-0.295
-0.29
-0.33
-0.315
-0.3
-0.315
-0.34
-0.32
-0.32
-0.315
-0.295
-0.3
-0.305
-0.305
-0.3
-0.285
-0.29
-0.295
-0.305
-0.305
-0.295
-0.28
-0.215
-0.135
-0.035
0.035
0.12
0.175
0.21
0.25
0.29
0.31
0.335
0.41
0.6
0.9
1.09
0.975
0.575
0.11
-0.18
-0.33
-0.38
-0.415
-0.405
-0.415
-0.425
-0.45
-0.455
-0.44
-0.415
-0.42
-0.425
-0.435
-0.42
-0.425
-0.415
-0.425
-0.415
-0.42
-0.425
-0.41
-0.42
-0.405
-0.41
-0.39
-0.41
-0.415
-0.43
-0.43
-0.41
-0.375
-0.4
-0.38
-0.39
-0.375
-0.365
-0.365
-0.36
-0.37
-0.35
-0.36
-0.355
-0.335
-0.31
-0.285
-0.295
-0.315
-0.315
-0.315
-0.315
-0.3
-0.28
-0.255
-0.255
-0.275
-0.275
-0.27
-0.25
-0.225
-0.2
-0.2
-0.185
-0.185
-0.215
-0.205
-0.215
-0.205
-0.195
-0.21
-0.185
-0.19
-0.21
-0.16
-0.16
-0.14
-0.14
-0.145
-0.08
-0.03
-0.005
0.015
0.035
0.065
0.09
0.125
0.145
0.155
0.115
0.065
0.02
-0.05
-0.12
-0.155
-0.195
-0.235
-0.265
-0.28
-0.315
-0.345
-0.315
-0.3
-0.285
-0.265
-0.265
-0.245
-0.24
-0.25
-0.255
-0.245
-0.24
-0.245
-0.235
-0.235
-0.21
-0.21
-0.215
-0.215
-0.2
-0.22
-0.225
-0.22
-0.22
-0.19
-0.175
-0.1
-0.025
0.025
0.105
0.175
0.235
0.295
0.3
0.335
0.365
0.4
0.495
0.75
1.04
1.17
0.965
0.48
0.03
-0.215
-0.315
-0.37
-0.365
-0.355
-0.385
-0.395
-0.425
-0.415
-0.41
-0.39
-0.4
-0.405
-0.445
-0.425
-0.415
-0.455
-0.425
-0.445
-0.445
-0.45
-0.44
-0.46
-0.46
-0.445
-0.45
-0.44
-0.44
-0.45
-0.465
-0.45
-0.445
-0.425
-0.375
-0.39
-0.39
-0.385
-0.39
-0.37
-0.35
-0.37
-0.34
-0.335
-0.325
-0.305
-0.325
-0.34
-0.37
-0.345
-0.35
-0.325
-0.31
-0.315
-0.305
-0.3
-0.295
-0.285
-0.285
-0.285
-0.265
-0.28
-0.265
-0.255
-0.255
-0.25
-0.22
-0.2
-0.195
-0.2
-0.21
-0.19
-0.16
-0.16
-0.16
-0.125
-0.085
-0.07
-0.035
0
-0.005
0.02
0.045
0.07
0.065
0.075
0.06
0
-0.07
-0.11
-0.17
-0.215
-0.275
-0.315
-0.355
-0.35
-0.34
-0.33
-0.31
-0.315
-0.29
-0.28
-0.285
-0.29
-0.295
-0.295
-0.29
-0.28
-0.29
-0.285
-0.28
-0.29
-0.305
-0.3
-0.285
-0.255
-0.24
-0.25
-0.285
-0.265
-0.265
-0.28
-0.23
-0.155
-0.045
-0.005
0.06
0.125
0.17
0.185
0.165
0.195
0.225
0.28
0.445
0.75
1.015
1.075
0.73
0.22
-0.2
-0.4
-0.495
-0.5
-0.49
-0.46
-0.46
-0.455
-0.455
-0.43
-0.43
-0.435
-0.44
-0.43
-0.435
-0.42
-0.42
-0.415
-0.395
-0.39
-0.39
-0.395
-0.41
-0.41
-0.405
-0.38
-0.405
-0.4
-0.43
-0.435
-0.45
-0.415
-0.405
-0.42
-0.41
-0.39
-0.38
-0.385
-0.375
-0.365
-0.345
-0.36
-0.345
-0.335
-0.305
-0.3
-0.305
-0.28
-0.28
-0.27
-0.28
-0.265
-0.25
-0.27
-0.25
-0.26
-0.27
-0.27
-0.285
-0.295
-0.275
-0.275
-0.265
-0.265
-0.255
-0.255
-0.23
-0.205
-0.18
-0.175
-0.18
-0.18
-0.17
-0.125
-0.06
0
0.02
0.035
0.055
0.06
0.05
0.03
0.045
0
-0.05
-0.13
-0.185
-0.245
-0.295
-0.34
-0.365
-0.4
-0.395
-0.415
-0.405
-0.38
-0.375
-0.37
-0.37
-0.365
-0.36
-0.365
-0.35
-0.355
-0.33
-0.31
-0.32
-0.305
-0.325
-0.32
-0.325
-0.335
-0.32
-0.33
-0.345
-0.325
-0.32
-0.305
-0.295
-0.27
-0.21
-0.13
-0.03
0.03
0.095
0.14
0.175
0.18
0.2
0.2
0.28
0.49
0.775
1
0.925
0.505
0.01
-0.31
-0.425
-0.51
-0.505
-0.465
-0.46
-0.505
-0.52
-0.49
-0.49
-0.51
-0.49
-0.5
-0.48
-0.49
-0.48
-0.49
-0.49
-0.475
-0.475
-0.47
-0.495
-0.505
-0.515
-0.49
-0.485
-0.49
-0.485
-0.495
-0.465
-0.46
-0.47
-0.44
-0.44
-0.415
-0.435
-0.445
-0.43
-0.42
-0.41
-0.385
-0.4
-0.4
-0.385
-0.36
-0.37
-0.385
-0.375
-0.34
-0.335
-0.32
-0.32
-0.345
-0.36
-0.34
-0.345
-0.315
-0.325
-0.305
-0.3
-0.285
-0.29
-0.27
-0.265
-0.25
-0.25
-0.25
-0.24
-0.225
-0.235
-0.255
-0.26
-0.28
-0.255
-0.24
-0.2
-0.22
-0.165
-0.105
-0.065
-0.05
-0.05
-0.02
0
0.025
0.02
0.03
0.02
-0.015
-0.07
-0.125
-0.17
-0.235
-0.295
-0.34
-0.365
-0.37
-0.355
-0.335
-0.34
-0.345
-0.365
-0.33
-0.32
-0.335
-0.35
-0.33
-0.34
-0.315
-0.33
-0.3
-0.31
-0.32
-0.31
-0.31
-0.315
-0.31
-0.3
-0.32
-0.3
-0.28
-0.275
-0.27
-0.215
-0.165
-0.1
-0.03
0.055
0.13
0.21
0.275
0.315
0.315
0.315
0.33
0.465
0.73
1.015
1.105
0.86
0.38
-0.03
-0.255
-0.34
-0.4
-0.4
-0.385
-0.405
-0.41
-0.425
-0.435
-0.41
-0.4
-0.41
-0.42
-0.405
-0.425
-0.425
-0.41
-0.425
-0.435
-0.445
-0.455
-0.46
-0.47
-0.485
-0.46
-0.48
-0.475
-0.475
-0.47
-0.465
-0.465
-0.45
-0.45
-0.455
-0.44
-0.43
-0.445
-0.42
-0.415
-0.39
-0.39
-0.405
-0.4
-0.365
-0.35
-0.37
-0.36
-0.345
-0.34
-0.32
-0.33
-0.32
-0.33
-0.345
-0.33
-0.32
-0.31
-0.31
-0.31
-0.3
-0.305
-0.32
-0.3
-0.285
-0.27
-0.27
-0.275
-0.28
-0.24
-0.23
-0.195
-0.19
-0.2
-0.16
-0.145
-0.105
-0.06
-0.03
-0.03
-0.005
0.015
0.04
0.015
0.005
0.015
-0.05
-0.12
-0.16
-0.2
-0.27
-0.31
-0.35
-0.4
-0.4
-0.395
-0.42
-0.4
-0.38
-0.36
-0.385
-0.355
-0.34
-0.355
-0.36
-0.33
-0.345
-0.36
-0.375
-0.365
-0.36
-0.365
-0.37
-0.395
-0.38
-0.38
-0.33
-0.365
-0.36
-0.355
-0.355
-0.315
-0.25
-0.18
-0.12
-0.05
0.005
0.075
0.095
0.115
0.13
0.15
0.19
0.32
0.575
0.89
1.025
0.855
0.38
-0.1
-0.375
-0.495
-0.555
-0.555
-0.55
-0.505
-0.54
-0.53
-0.515
-0.525
-0.52
-0.52
-0.51
-0.5
-0.49
-0.495
-0.475
-0.5
-0.47
-0.49
-0.48
-0.505
-0.485
-0.505
-0.49
-0.495
-0.48
-0.495
-0.46
-0.49
-0.495
-0.48
-0.52
-0.505
-0.48
-0.46
-0.46
-0.44
-0.415
-0.42
-0.405
-0.425
-0.435
-0.41
-0.39
-0.38
-0.37
-0.36
-0.36
-0.335
-0.33
-0.335
-0.325
-0.31
-0.31
-0.325
-0.29
-0.31
-0.32
-0.31
-0.305
-0.33
-0.31
-0.305
-0.275
-0.28
-0.27
-0.245
-0.21
-0.205
-0.205
-0.17
-0.155
-0.1
-0.05
-0.025
-0.015
-0.005
0.02
0.03
0.04
0.015
-0.02
-0.06
-0.1
-0.155
-0.205
-0.27
-0.355
-0.38
-0.39
-0.41
-0.415
-0.415
-0.41
-0.41
-0.41
-0.39
-0.385
-0.375
-0.365
-0.36
-0.35
-0.355
-0.36
-0.375
-0.365
-0.365
-0.33
-0.335
-0.34
-0.355
-0.36
-0.34
-0.34
-0.345
-0.335
-0.325
-0.27
-0.225
-0.16
-0.085
-0.01
0.06
0.12
0.14
0.175
0.15
0.165
0.225
0.34
0.58
0.865
1.035
0.86
0.385
-0.09
-0.395
-0.495
-0.52
-0.49
-0.475
-0.46
-0.47
-0.49
-0.48
-0.475
-0.5
-0.47
-0.48
-0.46
-0.46
-0.485
-0.48
-0.48
-0.49
-0.495
-0.495
-0.475
-0.48
-0.48
-0.485
-0.48
-0.48
-0.49
-0.48
-0.485
-0.48
-0.47
-0.465
-0.455
-0.45
-0.44
-0.415
-0.43
-0.425
-0.405
-0.385
-0.38
-0.385
-0.38
-0.375
-0.37
-0.37
-0.37
-0.37
-0.37
-0.365
-0.4
-0.365
-0.355
-0.35
-0.355
-0.36
-0.365
-0.36
-0.365
-0.335
-0.33
-0.32
-0.305
-0.29
-0.27
-0.26
-0.27
-0.27
-0.285
-0.275
-0.28
-0.275
-0.26
-0.24
-0.225
-0.225
-0.225
-0.2
-0.175
-0.14
-0.1
-0.05
-0.025
0
0.04
0.065
0.035
0.03
-0.025
-0.085
-0.125
-0.18
-0.24
-0.29
-0.34
-0.36
-0.38
-0.355
-0.37
-0.37
-0.36
-0.37
-0.355
-0.355
-0.36
-0.345
-0.35
-0.345
-0.345
-0.35
-0.325
-0.34
-0.325
-0.335
-0.34
-0.355
-0.35
-0.33
-0.34
-0.335
-0.33
-0.31
-0.305
-0.245
-0.2
-0.11
-0.035
0.045
0.14
0.195
0.24
0.285
0.305
0.315
0.34
0.475
0.735
1.01
1.105
0.835
0.34
-0.085
-0.29
-0.395
-0.44
-0.45
-0.45
-0.475
-0.475
-0.495
-0.48
-0.49
-0.5
-0.49
-0.455
-0.445
-0.45
-0.465
-0.475
-0.48
-0.485
-0.47
-0.485
-0.47
-0.46
-0.49
-0.505
-0.475
-0.49
-0.505
-0.505
-0.495
-0.485
-0.49
-0.465
-0.48
-0.475
-0.44
-0.465
-0.44
-0.425
-0.4
-0.405
-0.405
-0.385
-0.375
-0.375
-0.39
-0.375
-0.355
-0.33
-0.335
-0.335
-0.34
-0.36
-0.335
-0.32
-0.33
-0.325
-0.335
-0.345
-0.325
-0.31
-0.31
-0.31
-0.305
-0.3
-0.29
-0.29
-0.28
-0.265
-0.265
-0.26
-0.245
-0.225
-0.23
-0.21
-0.195
-0.19
-0.18
-0.135
-0.09
-0.03
-0.01
-0.01
0.005
0.025
0.035
0.03
-0.01
-0.055
-0.08
-0.13
-0.205
-0.27
-0.29
-0.33
-0.37
-0.405
-0.4
-0.405
-0.385
-0.375
-0.385
-0.37
-0.355
-0.355
-0.36
-0.33
-0.345
-0.355
-0.365
-0.32
-0.355
-0.345
-0.35
-0.35
-0.34
-0.33
-0.345
-0.34
-0.325
-0.365
-0.355
-0.34
-0.295
-0.26
-0.185
-0.11
-0.065
0.005
0.045
0.1
0.105
0.135
0.15
0.18
0.33
0.575
0.88
1.055
0.875
0.415
-0.095
-0.365
-0.48
-0.55
-0.565
-0.545
-0.54
-0.545
-0.55
-0.54
-0.5
-0.495
-0.49
-0.515
-0.5
-0.52
-0.52
-0.54
-0.515
-0.49
-0.51
-0.505
-0.495
-0.5
-0.485
-0.5
-0.51
-0.505
-0.495
-0.49
-0.5
-0.485
-0.46
-0.45
-0.46
-0.475
-0.485
-0.47
-0.47
-0.44
-0.42
-0.42
-0.44
-0.455
-0.435
-0.4
-0.405
-0.395
-0.4
-0.39
-0.37
-0.37
-0.355
-0.355
-0.35
-0.34
-0.345
-0.31
-0.315
-0.33
-0.345
-0.345
-0.32
-0.345
-0.345
-0.335
-0.325
-0.31
-0.275
-0.27
-0.26
-0.26
-0.26
-0.225
-0.2
-0.15
-0.1
-0.08
-0.055
-0.03
-0.025
0
0.025
0.015
-0.03
-0.085
-0.125
-0.185
-0.24
-0.32
-0.355
-0.385
-0.405
-0.405
-0.42
-0.44
-0.41
-0.425
-0.415
-0.41
-0.425
-0.395
-0.37
-0.36
-0.395
-0.405
-0.395
-0.375
-0.38
-0.39
-0.41
-0.405
-0.405
-0.385
-0.385
-0.365
-0.355
-0.36
-0.33
-0.32
-0.3
-0.25
-0.17
-0.1
-0.015
0.055
0.12
0.17
0.18
0.18
0.21
0.225
0.35
0.575
0.865
1
0.8
0.325
-0.125
-0.35
-0.45
-0.485
-0.51
-0.48
-0.49
-0.5
-0.48
-0.48
-0.455
-0.455
-0.465
-0.465
-0.465
-0.48
-0.48
-0.475
-0.46
-0.475
-0.47
-0.455
-0.48
-0.49
-0.47
-0.475
-0.48
-0.48
-0.46
-0.465
-0.475
-0.48
-0.465
-0.485
-0.455
-0.42
-0.42
-0.39
-0.39
-0.395
-0.415
-0.395
-0.365
-0.365
-0.36
-0.36
-0.375
-0.36
-0.335
-0.32
-0.355
-0.345
-0.345
-0.36
-0.34
-0.345
-0.335
-0.33
-0.31
-0.295
-0.265
-0.27
-0.29
-0.29
-0.27
-0.27
-0.265
-0.26
-0.25
-0.245
-0.22
-0.215
-0.215
-0.22
-0.215
-0.215
-0.185
-0.2
-0.195
-0.17
-0.135
-0.08
-0.05
-0.03
-0.005
0
0.02
0.04
0.065
0.06
0.02
-0.045
-0.075
-0.13
-0.19
-0.26
-0.3
-0.325
-0.345
-0.365
-0.345
-0.335
-0.345
-0.325
-0.32
-0.3
-0.305
-0.3
-0.285
-0.295
-0.3
-0.33
-0.33
-0.32
-0.325
-0.32
-0.32
-0.305
-0.295
-0.305
-0.295
-0.305
-0.31
-0.315
-0.3
-0.255
-0.205
-0.145
-0.08
0.02
0.1
0.165
0.24
0.285
0.325
0.34
0.335
0.365
0.535
0.805
1.07
1.125
0.79
0.27
-0.135
-0.31
-0.4
-0.44
-0.455
-0.425
-0.455
-0.48
-0.48
-0.48
-0.5
-0.505
-0.515
-0.5
-0.475
-0.48
-0.455
-0.47
-0.475
-0.475
-0.47
-0.475
-0.495
-0.48
-0.49
-0.475
-0.465
-0.47
-0.5
-0.495
-0.5
-0.49
-0.465
-0.46
-0.475
-0.47
-0.47
-0.455
-0.465
-0.44
-0.425
-0.435
-0.435
-0.43
-0.425
-0.4
-0.365
-0.365
-0.365
-0.355
-0.355
-0.365
-0.36
-0.345
-0.36
-0.365
-0.355
-0.355
-0.35
-0.335
-0.325
-0.345
-0.35
-0.345
-0.325
-0.31
-0.315
-0.295
-0.28
-0.25
-0.245
-0.24
-0.225
-0.2
-0.145
-0.09
-0.08
-0.075
-0.035
-0.02
0.015
0.02
0.03
-0.02
-0.065
-0.09
-0.15
-0.215
-0.26
-0.32
-0.38
-0.405
-0.405
-0.425
-0.415
-0.42
-0.38
-0.38
-0.39
-0.355
-0.365
-0.375
-0.375
-0.355
-0.37
-0.365
-0.345
-0.355
-0.33
-0.32
-0.315
-0.34
-0.355
-0.34
-0.35
-0.34
-0.36
-0.335
-0.33
-0.32
-0.26
-0.205
-0.13
-0.06
-0.005
0.075
0.1
0.1
0.095
0.1
0.135
0.23
0.48
0.78
1.04
0.975
0.585
0.055
-0.29
-0.445
-0.525
-0.54
-0.525
-0.49
-0.48
-0.495
-0.495
-0.505
-0.47
-0.505
-0.495
-0.5
-0.47
-0.48
-0.475
-0.5
-0.515
-0.5
-0.5
-0.495
-0.5
-0.485
-0.49
-0.515
-0.495
-0.5
-0.49
-0.485
-0.465
-0.46
-0.46
-0.44
-0.415
-0.4
-0.41
-0.425
-0.43
-0.425
-0.42
-0.42
-0.39
-0.39
-0.4
-0.38
-0.395
-0.405
-0.38
-0.365
-0.355
-0.37
-0.365
-0.375
-0.37
-0.33
-0.31
-0.32
-0.305
-0.29
-0.29
-0.285
-0.275
-0.27
-0.26
-0.27
-0.28
-0.29
-0.26
-0.245
-0.23
-0.215
-0.22
-0.19
-0.16
-0.105
-0.095
-0.075
-0.045
-0.015
0.005
0.01
0
-0.04
-0.085
-0.13
-0.19
-0.265
-0.31
-0.335
-0.36
-0.4
-0.42
-0.415
-0.41
-0.42
-0.425
-0.415
-0.395
-0.385
-0.4
-0.39
-0.39
-0.37
-0.395
-0.395
-0.39
-0.4
-0.385
-0.38
-0.37
-0.365
-0.365
-0.375
-0.39
-0.375
-0.36
-0.365
-0.335
-0.295
-0.24
-0.165
-0.1
-0.02
0.05
0.1
0.16
0.2
0.21
0.235
0.235
0.34
0.56
0.86
0.975
0.73
0.235
-0.2
-0.405
-0.495
-0.54
-0.535
-0.5
-0.525
-0.54
-0.545
-0.52
-0.53
-0.53
-0.53
-0.52
-0.51
-0.495
-0.485
-0.495
-0.49
-0.5
-0.51
-0.51
-0.515
-0.495
-0.49
-0.5
-0.505
-0.48
-0.52
-0.53
-0.54
-0.53
-0.515
-0.505
-0.52
-0.505
-0.48
-0.48
-0.465
-0.475
-0.455
-0.45
-0.45
-0.41
-0.405
-0.395
-0.395
-0.385
-0.375
-0.345
-0.365
-0.385
-0.395
-0.39
-0.37
-0.36
-0.36
-0.355
-0.36
-0.36
-0.365
-0.345
-0.345
-0.315
-0.315
-0.32
-0.3
-0.305
-0.275
-0.295
-0.29
-0.28
-0.275
-0.245
-0.205
-0.205
-0.185
-0.18
-0.16
-0.115
-0.075
-0.015
0
0.035
0.065
0.075
0.07
0.09
0.025
-0.025
-0.05
-0.115
-0.21
-0.27
-0.32
-0.36
-0.385
-0.39
-0.375
-0.37
-0.36
-0.34
-0.34
-0.345
-0.335
-0.305
-0.285
-0.28
-0.3
-0.31
-0.285
-0.285
-0.3
-0.295
-0.29
-0.3
-0.295
-0.275
-0.29
-0.295
-0.31
-0.285
-0.275
-0.25
-0.22
-0.17
-0.105
0.015
0.075
0.145
0.2
0.255
0.295
0.315
0.35
0.38
0.5
0.805
1.1
1.17
0.915
0.4
-0.05
-0.26
-0.335
-0.38
-0.395
-0.39
-0.39
-0.425
-0.45
-0.465
-0.46
-0.445
-0.455
-0.455
-0.435
-0.43
-0.435
-0.445
-0.46
-0.44
-0.45
-0.46
-0.445
-0.445
-0.44
-0.445
-0.45
-0.45
-0.45
-0.445
-0.44
-0.445
-0.44
-0.435
-0.445
-0.44
-0.435
-0.415
-0.405
-0.41
-0.39
-0.38
-0.37
-0.365
-0.375
-0.35
-0.345
-0.33
-0.345
-0.35
-0.33
-0.32
-0.335
-0.305
-0.28
-0.27
-0.29
-0.29
-0.285
-0.27
-0.265
-0.285
-0.275
-0.275
-0.255
-0.235
-0.255
-0.265
-0.26
-0.26
-0.25
-0.255
-0.24
-0.21
-0.195
-0.2
-0.175
-0.125
-0.1
-0.055
-0.025
-0.01
0.005
0.035
0.06
0.055
0.055
0.03
-0.015
-0.05
-0.12
-0.18
-0.265
-0.29
-0.305
-0.35
-0.355
-0.34
-0.365
-0.35
-0.35
-0.345
-0.34
-0.33
-0.33
-0.335
-0.34
-0.315
-0.32
-0.34
-0.335
-0.32
-0.335
-0.32
-0.31
-0.305
-0.295
-0.265
-0.28
-0.285
-0.285
-0.28
-0.26
-0.265
-0.215
-0.13
-0.045
-0.01
0.05
0.095
0.13
0.135
0.15
0.185
0.2
0.34
0.61
0.91
1.085
0.9
0.43
-0.045
-0.34
-0.465
-0.515
-0.505
-0.46
-0.475
-0.465
-0.45
-0.435
-0.445
-0.475
-0.455
-0.44
-0.44
-0.45
-0.445
-0.445
-0.425
-0.455
-0.455
-0.48
-0.47
-0.455
-0.45
-0.44
-0.44
-0.43
-0.44
-0.44
-0.455
-0.455
-0.455
-0.44
-0.445
-0.42
-0.38
-0.375
-0.36
-0.33
-0.32
-0.33
-0.345
-0.35
-0.345
-0.315
-0.32
-0.295
-0.3
-0.275
-0.305
-0.31
-0.3
-0.31
-0.285
-0.29
-0.29
-0.3
-0.275
-0.27
-0.265
-0.255
-0.245
-0.245
-0.235
-0.22
-0.2
-0.21
-0.195
-0.16
-0.14
-0.145
-0.13
-0.125
-0.115
-0.03
0
0.015
0.045
0.05
0.065
0.075
0.075
0.07
0.055
-0.005
-0.055
-0.13
-0.19
-0.25
-0.29
-0.32
-0.34
-0.345
-0.365
-0.345
-0.33
-0.315
-0.32
-0.29
-0.275
-0.305
-0.32
-0.3
-0.285
-0.285
-0.28
-0.28
-0.295
-0.265
-0.26
-0.285
-0.285
-0.275
-0.295
-0.27
-0.265
-0.275
-0.27
-0.225
-0.2
-0.18
-0.125
-0.03
0.065
0.14
0.215
0.235
0.3
0.33
0.325
0.33
0.43
0.67
0.955
1.1
0.915
0.45
0
-0.23
-0.35
-0.42
-0.42
-0.4
-0.4
-0.425
-0.425
-0.42
-0.425
-0.425
-0.405
-0.415
-0.43
-0.395
-0.39
-0.39
-0.415
-0.4
-0.435
-0.42
-0.42
-0.405
-0.405
-0.4
-0.395
-0.4
-0.42
-0.43
-0.425
-0.415
-0.42
-0.42
-0.44
-0.39
-0.385
-0.38
-0.375
-0.36
-0.35
-0.355
-0.345
-0.335
-0.345
-0.325
-0.33
-0.33
-0.33
-0.32
-0.29
-0.28
-0.28
-0.29
-0.27
-0.29
-0.28
-0.23
-0.24
-0.23
-0.225
-0.25
-0.25
-0.245
-0.235
-0.225
-0.235
-0.225
-0.21
-0.195
-0.225
-0.22
-0.2
-0.18
-0.16
-0.16
-0.125
-0.125
-0.11
-0.06
-0.025
0.015
0.045
0.07
0.11
0.13
0.15
0.115
0.11
0.045
-0.015
-0.06
-0.115
-0.175
-0.22
-0.265
-0.285
-0.31
-0.305
-0.305
-0.27
-0.275
-0.235
-0.25
-0.255
-0.26
-0.25
-0.25
-0.23
-0.23
-0.215
-0.24
-0.22
-0.22
-0.225
-0.205
-0.23
-0.21
-0.205
-0.225
-0.215
-0.215
-0.18
-0.155
-0.16
-0.145
-0.1
0
0.105
0.185
0.215
0.25
0.28
0.31
0.3
0.365
0.485
0.735
1.05
1.185
0.975
0.485
0.02
-0.2
-0.3
-0.375
-0.38
-0.36
-0.365
-0.41
-0.405
-0.375
-0.395
-0.41
-0.415
-0.405
-0.395
-0.42
-0.435
-0.425
-0.4
-0.395
-0.435
-0.445
-0.43
-0.43
-0.41
-0.405
-0.43
-0.425
-0.41
-0.395
-0.39
-0.4
-0.38
-0.36
-0.36
-0.375
-0.36
-0.345
-0.34
-0.32
-0.335
-0.305
-0.31
-0.315
-0.32
-0.31
-0.29
-0.29
-0.29
-0.285
-0.28
-0.29
-0.28
-0.275
-0.26
-0.285
-0.265
-0.275
-0.24
-0.245
-0.23
-0.225
-0.2
-0.21
-0.19
-0.2
-0.185
-0.175
-0.185
-0.16
-0.13
-0.14
-0.13
-0.115
-0.12
-0.105
-0.06
-0.02
0.025
0.035
0.08
0.1
0.135
0.14
0.13
0.11
0.065
0.015
-0.045
-0.135
-0.165
-0.19
-0.255
-0.26
-0.28
-0.275
-0.29
-0.285
-0.295
-0.275
-0.28
-0.28
-0.24
-0.25
-0.255
-0.255
-0.265
-0.275
-0.285
-0.265
-0.245
-0.26
-0.25
-0.265
-0.245
-0.25
-0.24
-0.28
-0.25
-0.25
-0.235
-0.22
-0.185
-0.13
-0.05
0.03
0.085
0.13
0.165
0.185
0.18
0.2
0.23
0.32
0.5
0.745
0.945
0.915
0.645
0.21
-0.115
-0.295
-0.385
-0.425
-0.43
-0.43
-0.415
-0.445
-0.44
-0.415
-0.405
-0.415
-0.405
-0.395
-0.39
-0.395
-0.41
-0.4
-0.405
-0.405
-0.39
-0.4
-0.4
-0.415
-0.43
-0.425
-0.435
-0.42
-0.44
-0.44
-0.47
-0.445
-0.44
-0.435
-0.42
-0.43
-0.4
-0.415
-0.39
-0.385
-0.37
-0.355
-0.34
-0.345
-0.32
-0.325
-0.315
-0.295
-0.305
-0.285
-0.28
-0.275
-0.295
-0.295
-0.29
-0.275
-0.295
-0.295
-0.305
-0.285
-0.26
-0.27
-0.26
-0.285
-0.295
-0.28
-0.275
-0.27
-0.23
-0.22
-0.215
-0.2
-0.2
-0.15
-0.145
-0.125
-0.095
-0.04
0
0.005
0.015
0.035
0.065
0.075
0.06
0.02
-0.025
-0.08
-0.145
-0.195
-0.235
-0.27
-0.315
-0.355
-0.355
-0.36
-0.36
-0.34
-0.34
-0.325
-0.345
-0.3
-0.29
-0.29
-0.29
-0.3
-0.29
-0.29
-0.29
-0.29
-0.3
-0.285
-0.28
-0.26
-0.26
-0.25
-0.285
-0.28
-0.295
-0.275
-0.255
-0.225
-0.16
-0.08
0.01
0.075
0.13
0.215
0.26
0.3
0.295
0.34
0.38
0.495
0.675
0.855
0.85
0.67
0.31
0.025
-0.185
-0.27
-0.32
-0.34
-0.34
-0.38
-0.385
-0.395
-0.4
-0.385
-0.405
-0.4
-0.41
-0.4
-0.39
-0.38
-0.405
-0.435
-0.43
-0.405
-0.395
-0.395
-0.385
-0.41
-0.41
-0.395
-0.395
-0.385
-0.37
-0.375
-0.39
-0.35
-0.355
-0.375
-0.355
-0.365
-0.335
-0.345
-0.34
-0.37
-0.33
-0.335
-0.325
-0.31
-0.305
-0.295
-0.285
-0.28
-0.28
-0.28
-0.275
-0.285
-0.26
-0.28
-0.26
-0.245
-0.23
-0.21
-0.19
-0.18
-0.19
-0.2
-0.185
-0.185
-0.19
-0.16
-0.145
-0.155
-0.18
-0.165
-0.175
-0.155
-0.165
-0.145
-0.15
-0.115
-0.125
-0.14
-0.12
-0.095
-0.08
-0.035
0.005
0.06
0.085
0.135
0.175
0.205
0.205
0.2
0.18
0.135
0.095
0.02
-0.045
-0.1
-0.15
-0.19
-0.22
-0.24
-0.255
-0.265
-0.225
-0.23
-0.235
-0.235
-0.2
-0.23
-0.215
-0.215
-0.205
-0.215
-0.22
-0.215
-0.215
-0.22
-0.21
-0.2
-0.19
-0.19
-0.17
-0.19
-0.18
-0.21
-0.205
-0.195
-0.145
-0.075
-0.005
0.075
0.13
0.165
0.23
0.265
0.3
0.315
0.33
0.4
0.615
0.915
1.15
1.07
0.65
0.125
-0.2
-0.32
-0.37
-0.4
-0.38
-0.39
-0.39
-0.4
-0.4
-0.4
-0.395
-0.4
-0.415
-0.385
-0.365
-0.385
-0.405
-0.425
-0.435
-0.42
-0.42
-0.42
-0.44
-0.43
-0.435
-0.41
-0.4
-0.405
-0.42
-0.435
-0.425
-0.41
-0.4
-0.395
-0.375
-0.36
-0.36
-0.36
-0.335
-0.34
-0.34
-0.34
-0.32
-0.3
-0.31
-0.32
-0.3
-0.3
-0.295
-0.305
-0.295
-0.29
-0.3
-0.275
-0.305
-0.29
-0.26
-0.25
-0.255
-0.255
-0.26
-0.27
-0.255
-0.2
-0.21
-0.22
-0.235
-0.215
-0.2
-0.195
-0.17
-0.16
-0.135
-0.14
-0.12
-0.105
-0.055
-0.01
0
0.02
0.03
0.05
0.075
0.1
0.1
0.095
0.045
-0.005
-0.06
-0.135
-0.19
-0.24
-0.3
-0.335
-0.305
-0.295
-0.285
-0.285
-0.26
-0.275
-0.27
-0.26
-0.27
-0.26
-0.25
-0.25
-0.25
-0.26
-0.25
-0.24
-0.24
-0.26
-0.265
-0.26
-0.255
-0.245
-0.245
-0.24
-0.24
-0.225
-0.22
-0.19
-0.14
-0.05
0.035
0.11
0.145
0.175
0.2
0.215
0.205
0.21
0.29
0.475
0.755
1.035
1.13
0.865
0.35
-0.105
-0.32
-0.4
-0.435
-0.435
-0.43
-0.425
-0.415
-0.395
-0.39
-0.385
-0.39
-0.4
-0.385
-0.355
-0.385
-0.38
-0.37
-0.355
-0.355
-0.365
-0.345
-0.34
-0.345
-0.335
-0.335
-0.37
-0.375
-0.37
-0.38
-0.355
-0.38
-0.375
-0.36
-0.365
-0.365
-0.36
-0.345
-0.335
-0.32
-0.32
-0.32
-0.32
-0.305
-0.32
-0.29
-0.275
-0.235
-0.235
-0.26
-0.27
-0.255
-0.255
-0.26
-0.26
-0.24
-0.25
-0.24
-0.23
-0.22
-0.21
-0.23
-0.24
-0.21
-0.23
-0.205
-0.195
-0.185
-0.205
-0.215
-0.19
-0.145
-0.125
-0.13
-0.12
-0.125
-0.1
-0.055
0.005
0.035
0.06
0.1
0.13
0.13
0.15
0.135
0.1
0.035
-0.03
-0.08
-0.13
-0.185
-0.23
-0.3
-0.295
-0.285
-0.32
-0.31
-0.31
-0.305
-0.3
-0.29
-0.31
-0.31
-0.28
-0.28
-0.285
-0.26
-0.255
-0.22
-0.24
-0.22
-0.235
-0.245
-0.225
-0.23
-0.22
-0.245
-0.235
-0.205
-0.195
-0.215
-0.2
-0.16
-0.06
0.015
0.115
0.175
0.24
0.3
0.305
0.3
0.32
0.365
0.5
0.765
1.04
1.155
0.895
0.395
-0.04
-0.26
-0.34
-0.395
-0.36
-0.325
-0.36
-0.415
-0.415
-0.4
-0.41
-0.38
-0.405
-0.415
-0.415
-0.405
-0.405
-0.395
-0.4
-0.415
-0.405
-0.395
-0.38
-0.38
-0.375
-0.395
-0.405
-0.41
-0.39
-0.385
-0.37
-0.365
-0.36
-0.35
-0.325
-0.31
-0.3
-0.275
-0.295
-0.3
-0.3
-0.29
-0.305
-0.285
-0.29
-0.3
-0.285
-0.27
-0.26
-0.26
-0.23
-0.245
-0.255
-0.24
-0.23
-0.23
-0.22
-0.205
-0.2
-0.2
-0.195
-0.16
-0.15
-0.17
-0.15
-0.135
-0.15
-0.15
-0.115
-0.125
-0.105
-0.1
-0.06
-0.07
-0.065
-0.08
-0.045
-0.01
0.03
0.055
0.1
0.13
0.15
0.195
0.19
0.2
0.2
0.145
0.115
0.05
0.02
-0.04
-0.09
-0.12
-0.16
-0.18
-0.16
-0.185
-0.175
-0.17
-0.155
-0.16
-0.17
-0.175
-0.165
-0.18
-0.165
-0.17
-0.165
-0.14
-0.155
-0.15
-0.16
-0.17
-0.145
-0.15
-0.145
-0.15
-0.135
-0.145
-0.13
-0.115
-0.095
-0.05
0.01
0.065
0.135
0.195
0.29
0.345
0.385
0.385
0.405
0.4
0.47
0.685
0.98
1.21
1.165
0.79
0.28
-0.075
-0.225
-0.275
-0.295
-0.28
-0.305
-0.32
-0.32
-0.34
-0.32
-0.335
-0.295
-0.295
-0.305
-0.28
-0.285
-0.3
-0.285
-0.285
-0.255
-0.27
-0.285
-0.29
-0.315
-0.285
-0.32
-0.32
-0.32
-0.31
-0.315
-0.3
-0.28
-0.28
-0.27
-0.24
-0.27
-0.26
-0.265
-0.245
-0.245
-0.235
-0.21
-0.2
-0.18
-0.19
-0.17
-0.185
-0.165
-0.18
-0.17
-0.165
-0.175
-0.165
-0.15
-0.175
-0.175
-0.15
-0.14
-0.155
-0.16
-0.15
-0.145
-0.145
-0.135
-0.125
-0.14
-0.13
-0.105
-0.09
-0.075
-0.045
-0.025
-0.03
0
0.055
0.11
0.155
0.155
0.15
0.195
0.215
0.195
0.19
0.175
0.125
0.065
0
-0.035
-0.075
-0.14
-0.205
-0.205
-0.23
-0.215
-0.24
-0.265
-0.27
-0.24
-0.22
-0.2
-0.21
-0.19
-0.175
-0.17
-0.175
-0.17
-0.16
-0.16
-0.18
-0.18
-0.18
-0.155
-0.17
-0.195
-0.17
-0.17
-0.195
-0.175
-0.145
-0.145
-0.11
-0.045
0.05
0.085
0.145
0.17
0.205
0.2
0.215
0.235
0.28
0.415
0.64
0.955
1.17
1.1
0.7
0.17
-0.165
-0.32
-0.36
-0.385
-0.37
-0.35
-0.35
-0.375
-0.365
-0.36
-0.37
-0.375
-0.36
-0.37
-0.335
-0.35
-0.34
-0.335
-0.355
-0.36
-0.345
-0.345
-0.33
-0.35
-0.33
-0.32
-0.305
-0.32
-0.305
-0.315
-0.32
-0.29
-0.285
-0.3
-0.275
-0.28
-0.28
-0.265
-0.275
-0.285
-0.25
-0.23
-0.225
-0.21
-0.2
-0.17
-0.16
-0.165
-0.175
-0.18
-0.17
-0.15
-0.16
-0.135
-0.115
-0.13
-0.12
-0.125
-0.135
-0.11
-0.115
-0.115
-0.09
-0.105
-0.085
-0.07
-0.08
-0.07
-0.08
-0.09
-0.05
-0.05
-0.035
-0.01
0.015
0.055
0.08
0.125
0.15
0.175
0.225
0.22
0.215
0.215
0.165
0.11
0.07
0.025
-0.06
-0.105
-0.155
-0.205
-0.205
-0.215
-0.23
-0.225
-0.225
-0.225
-0.21
-0.225
-0.21
-0.18
-0.17
-0.18
-0.2
-0.185
-0.17
-0.16
-0.185
-0.18
-0.18
-0.15
-0.175
-0.16
-0.155
-0.17
-0.15
-0.135
-0.135
-0.125
-0.06
-0.03
0.03
0.095
0.185
0.24
0.315
0.35
0.395
0.365
0.365
0.41
0.51
0.76
1.055
1.19
0.95
0.44
0.015
-0.2
-0.275
-0.345
-0.34
-0.3
-0.29
-0.32
-0.305
-0.295
-0.29
-0.29
-0.285
-0.29
-0.3
-0.335
-0.325
-0.3
-0.315
-0.32
-0.32
-0.33
-0.32
-0.31
-0.3
-0.29
-0.325
-0.335
-0.34
-0.34
-0.32
-0.315
-0.33
-0.33
-0.3
-0.32
-0.32
-0.295
-0.28
-0.28
-0.27
-0.255
-0.235
-0.255
-0.25
-0.235
-0.21
-0.22
-0.22
-0.24
-0.225
-0.24
-0.22
-0.215
-0.18
-0.155
-0.19
-0.205
-0.2
-0.18
-0.19
-0.165
-0.195
-0.165
-0.155
-0.14
-0.15
-0.14
-0.125
-0.11
-0.105
-0.12
-0.11
-0.105
-0.105
-0.075
-0.075
-0.075
-0.055
0
0.045
0.075
0.095
0.1
0.15
0.155
0.18
0.185
0.135
0.12
0.095
0.03
-0.015
-0.075
-0.11
-0.175
-0.2
-0.235
-0.245
-0.225
-0.225
-0.2
-0.185
-0.21
-0.21
-0.21
-0.205
-0.21
-0.19
-0.195
-0.175
-0.18
-0.18
-0.19
-0.19
-0.18
-0.18
-0.175
-0.155
-0.175
-0.155
-0.16
-0.16
-0.16
-0.13
-0.065
-0.04
0.05
0.14
0.23
0.315
0.355
0.38
0.41
0.44
0.425
0.495
0.65
0.93
1.21
1.25
0.895
0.385
-0.015
-0.19
-0.265
-0.305
-0.285
-0.29
-0.315
-0.34
-0.33
-0.32
-0.315
-0.34
-0.35
-0.34
-0.355
-0.305
-0.3
-0.32
-0.33
-0.3
-0.295
-0.31
-0.29
-0.31
-0.3
-0.3
-0.295
-0.31
-0.3
-0.305
-0.32
-0.32
-0.32
-0.29
-0.295
-0.32
-0.315
-0.29
-0.265
-0.26
-0.26
-0.245
-0.245
-0.215
-0.215
-0.2
-0.19
-0.195
-0.175
-0.165
-0.15
-0.14
-0.13
-0.145
-0.155
-0.16
-0.16
-0.18
-0.16
-0.145
-0.14
-0.135
-0.13
-0.135
-0.13
-0.115
-0.1
-0.115
-0.095
-0.08
-0.065
-0.05
-0.035
-0.015
0
0.05
0.095
0.135
0.155
0.18
0.205
0.21
0.215
0.225
0.215
0.15
0.12
0.05
0.005
-0.065
-0.115
-0.14
-0.165
-0.175
-0.22
-0.23
-0.22
-0.22
-0.22
-0.175
-0.175
-0.19
-0.185
-0.17
-0.175
-0.16
-0.135
-0.15
-0.16
-0.165
-0.16
-0.145
-0.145
-0.13
-0.16
-0.14
-0.16
-0.16
-0.15
-0.17
-0.16
-0.1
-0.065
0.015
0.08
0.145
0.2
0.235
0.25
0.27
0.265
0.305
0.405
0.63
0.95
1.175
1.15
0.755
0.24
-0.105
-0.28
-0.355
-0.375
-0.345
-0.35
-0.35
-0.35
-0.325
-0.335
-0.355
-0.36
-0.34
-0.34
-0.34
-0.335
-0.325
-0.33
-0.345
-0.345
-0.335
-0.335
-0.33
-0.32
-0.32
-0.31
-0.32
-0.305
-0.3
-0.295
-0.3
-0.285
-0.3
-0.305
-0.29
-0.29
-0.285
-0.275
-0.275
-0.28
-0.25
-0.27
-0.27
-0.22
-0.205
-0.23
-0.215
-0.22
-0.2
-0.18
-0.165
-0.19
-0.2
-0.165
-0.175
-0.165
-0.15
-0.15
-0.15
-0.15
-0.14
-0.155
-0.115
-0.115
-0.115
-0.115
-0.13
-0.11
-0.095
-0.085
-0.075
-0.07
-0.055
-0.02
0.01
0.055
0.085
0.11
0.13
0.14
0.165
0.155
0.185
0.14
0.095
0.065
0.01
-0.045
-0.105
-0.16
-0.185
-0.215
-0.215
-0.245
-0.23
-0.235
-0.23
-0.24
-0.215
-0.21
-0.225
-0.22
-0.235
-0.23
-0.21
-0.205
-0.185
-0.19
-0.22
-0.22
-0.21
-0.2
-0.205
-0.195
-0.165
-0.175
-0.165
-0.16
-0.15
-0.11
-0.065
0.02
0.09
0.145
0.18
0.22
0.23
0.24
0.255
0.29
0.34
0.53
0.83
1.115
1.165
0.845
0.325
-0.08
-0.27
-0.365
-0.375
-0.375
-0.37
-0.37
-0.385
-0.36
-0.32
-0.3
-0.305
-0.31
-0.31
-0.31
-0.32
-0.315
-0.295
-0.275
-0.275
-0.29
-0.32
-0.31
-0.3
-0.315
-0.315
-0.305
-0.32
-0.33
-0.29
-0.28
-0.295
-0.285
-0.275
-0.28
-0.29
-0.28
-0.29
-0.26
-0.245
-0.22
-0.21
-0.205
-0.205
-0.205
-0.2
-0.205
-0.205
-0.19
-0.19
-0.21
-0.2
-0.205
-0.2
-0.175
-0.185
-0.16
-0.17
-0.16
-0.135
-0.145
-0.155
-0.145
-0.145
-0.12
-0.12
-0.11
-0.105
-0.105
-0.1
-0.11
-0.07
-0.06
-0.03
-0.01
-0.005
-0.005
0.005
0.035
0.095
0.125
0.14
0.165
0.17
0.19
0.195
0.175
0.13
0.085
0.02
-0.02
-0.055
-0.155
-0.215
-0.26
-0.255
-0.25
-0.215
-0.215
-0.2
-0.19
-0.185
-0.19
-0.175
-0.185
-0.19
-0.175
-0.195
-0.175
-0.15
-0.16
-0.15
-0.165
-0.155
-0.19
-0.18
-0.18
-0.18
-0.19
-0.16
-0.155
-0.15
-0.125
-0.06
0.02
0.11
0.17
0.23
0.325
0.41
0.435
0.45
0.46
0.47
0.57
0.81
1.12
1.225
0.97
0.435
0.005
-0.17
-0.26
-0.315
-0.31
-0.305
-0.305
-0.335
-0.36
-0.32
-0.33
-0.33
-0.335
-0.34
-0.33
-0.31
-0.335
-0.32
-0.34
-0.33
-0.325
-0.33
-0.3
-0.28
-0.3
-0.31
-0.305
-0.315
-0.31
-0.3
-0.295
-0.295
-0.28
-0.26
-0.32
-0.32
-0.3
-0.3
-0.295
-0.275
-0.255
-0.265
-0.27
-0.23
-0.225
-0.25
-0.25
-0.23
-0.22
-0.22
-0.205
-0.195
-0.17
-0.17
-0.18
-0.145
-0.155
-0.145
-0.145
-0.12
-0.13
-0.145
-0.12
-0.12
-0.14
-0.135
-0.115
-0.11
-0.095
-0.08
-0.085
-0.095
-0.08
-0.08
-0.07
-0.03
-0.025
-0.03
-0.01
-0.005
0.02
0.055
0.11
0.175
0.18
0.195
0.215
0.23
0.225
0.245
0.205
0.165
0.11
0.04
-0.02
-0.075
-0.125
-0.155
-0.185
-0.19
-0.175
-0.185
-0.17
-0.165
-0.16
-0.145
-0.15
-0.155
-0.145
-0.135
-0.12
-0.12
-0.11
-0.115
-0.12
-0.12
-0.115
-0.115
-0.115
-0.115
-0.125
-0.105
-0.095
-0.105
-0.125
-0.12
-0.045
0.015
0.09
0.14
0.2
0.27
0.33
0.365
0.355
0.365
0.4
0.455
0.665
0.98
1.23
1.235
0.855
0.325
-0.02
-0.17
-0.265
-0.305
-0.28
-0.285
-0.295
-0.285
-0.285
-0.28
-0.29
-0.275
-0.25
-0.305
-0.295
-0.32
-0.31
-0.29
-0.275
-0.29
-0.3
-0.255
-0.29
-0.295
-0.275
-0.255
-0.29
-0.28
-0.25
-0.24
-0.24
-0.26
-0.25
-0.225
-0.23
-0.215
-0.22
-0.23
-0.215
-0.205
-0.205
-0.21
-0.18
-0.18
-0.19
-0.18
-0.18
-0.175
-0.16
-0.155
-0.145
-0.15
-0.145
-0.16
-0.155
-0.14
-0.135
-0.115
-0.095
-0.085
-0.075
-0.075
-0.08
-0.075
-0.08
-0.075
-0.08
-0.07
-0.035
-0.02
0
-0.005
-0.025
-0.005
0.015
0.085
0.155
0.16
0.18
0.205
0.225
0.215
0.235
0.205
0.155
0.1
0.055
0.025
-0.025
-0.11
-0.155
-0.17
-0.2
-0.205
-0.195
-0.195
-0.2
-0.19
-0.165
-0.175
-0.17
-0.19
-0.18
-0.19
-0.19
-0.175
-0.145
-0.175
-0.185
-0.17
-0.17
-0.16
-0.125
-0.145
-0.145
-0.16
-0.17
-0.17
-0.12
-0.095
-0.04
0
0.045
0.13
0.175
0.23
0.25
0.275
0.275
0.305
0.32
0.405
0.6
0.905
1.19
1.135
0.725
0.19
-0.14
-0.315
-0.35
-0.39
-0.34
-0.325
-0.33
-0.33
-0.32
-0.305
-0.29
-0.3
-0.29
-0.28
-0.27
-0.295
-0.295
-0.295
-0.295
-0.275
-0.28
-0.275
-0.295
-0.275
-0.28
-0.29
-0.315
-0.315
-0.305
-0.3
-0.275
-0.295
-0.27
-0.29
-0.265
-0.28
-0.26
-0.25
-0.245
-0.25
-0.235
-0.21
-0.205
-0.17
-0.17
-0.18
-0.2
-0.18
-0.18
-0.155
-0.16
-0.15
-0.155
-0.145
-0.17
-0.145
-0.155
-0.165
-0.16
-0.16
-0.15
-0.14
-0.13
-0.115
-0.095
-0.11
-0.11
-0.105
-0.095
-0.09
-0.035
-0.035
-0.005
-0.02
-0.005
0.025
0.08
0.095
0.15
0.16
0.18
0.225
0.21
0.215
0.18
0.14
0.095
0.045
-0.005
-0.055
-0.13
-0.185
-0.2
-0.25
-0.235
-0.24
-0.205
-0.18
-0.195
-0.195
-0.185
-0.145
-0.145
-0.155
-0.14
-0.12
-0.155
-0.13
-0.14
-0.12
-0.12
-0.13
-0.16
-0.16
-0.155
-0.135
-0.15
-0.16
-0.17
-0.135
-0.115
-0.08
-0.04
0.075
0.16
0.225
0.27
0.33
0.375
0.4
0.4
0.42
0.49
0.635
0.92
1.19
1.195
0.83
0.325
-0.035
-0.18
-0.24
-0.25
-0.23
-0.24
-0.265
-0.3
-0.315
-0.32
-0.3
-0.295
-0.28
-0.285
-0.285
-0.305
-0.28
-0.285
-0.29
-0.295
-0.295
-0.29
-0.28
-0.295
-0.285
-0.265
-0.24
-0.26
-0.265
-0.23
-0.25
-0.24
-0.245
-0.245
-0.245
-0.235
-0.25
-0.235
-0.215
-0.22
-0.23
-0.215
-0.225
-0.21
-0.21
-0.23
-0.225
-0.21
-0.19
-0.17
-0.18
-0.155
-0.15
-0.16
-0.135
-0.16
-0.155
-0.15
-0.16
-0.145
-0.13
-0.125
-0.135
-0.095
-0.08
-0.085
-0.095
-0.105
-0.13
-0.12
-0.12
-0.135
-0.095
-0.07
-0.035
-0.015
-0.035
-0.045
-0.015
0.015
0.08
0.1
0.13
0.18
0.215
0.225
0.23
0.22
0.185
0.14
0.1
0.05
-0.015
-0.08
-0.14
-0.195
-0.21
-0.205
-0.21
-0.21
-0.225
-0.21
-0.195
-0.18
-0.175
-0.165
-0.165
-0.16
-0.15
-0.15
-0.145
-0.165
-0.155
-0.135
-0.13
-0.125
-0.135
-0.135
-0.135
-0.1
-0.12
-0.11
-0.115
-0.105
-0.055
-0.015
0.035
0.135
0.215
0.26
0.315
0.355
0.41
0.42
0.43
0.46
0.615
0.9
1.2
1.24
0.91
0.38
0
-0.195
-0.265
-0.325
-0.305
-0.295
-0.3
-0.325
-0.32
-0.31
-0.32
-0.335
-0.34
-0.315
-0.315
-0.3
-0.32
-0.31
-0.31
-0.31
-0.315
-0.32
-0.325
-0.345
-0.345
-0.345
-0.335
-0.33
-0.33
-0.32
-0.32
-0.32
-0.34
-0.33
-0.315
-0.295
-0.3
-0.275
-0.245
-0.285
-0.275
-0.235
-0.24
-0.23
-0.245
-0.24
-0.23
-0.2
-0.215
-0.215
-0.235
-0.23
-0.22
-0.225
-0.17
-0.165
-0.165
-0.17
-0.17
-0.175
-0.17
-0.155
-0.16
-0.165
-0.135
-0.135
-0.15
-0.105
-0.075
-0.11
-0.055
-0.065
-0.055
-0.03
-0.025
-0.005
0.04
0.07
0.12
0.14
0.135
0.145
0.15
0.165
0.185
0.135
0.09
0.05
-0.01
-0.07
-0.115
-0.17
-0.22
-0.24
-0.255
-0.24
-0.27
-0.24
-0.2
-0.185
-0.2
-0.21
-0.2
-0.185
-0.2
-0.2
-0.19
-0.18
-0.195
-0.175
-0.195
-0.18
-0.205
-0.21
-0.215
-0.185
-0.2
-0.2
-0.21
-0.2
-0.19
-0.15
-0.115
-0.025
0.04
0.1
0.165
0.22
0.24
0.245
0.24
0.27
0.295
0.43
0.71
1.03
1.14
0.94
0.455
-0.005
-0.26
-0.355
-0.42
-0.41
-0.385
-0.39
-0.385
-0.38
-0.375
-0.39
-0.38
-0.385
-0.375
-0.365
-0.35
-0.355
-0.345
-0.345
-0.34
-0.34
-0.345
-0.335
-0.335
-0.34
-0.34
-0.335
-0.35
-0.365
-0.365
-0.345
-0.355
-0.345
-0.355
-0.365
-0.35
-0.35
-0.34
-0.335
-0.34
-0.335
-0.31
-0.305
-0.315
-0.295
-0.285
-0.285
-0.28
-0.31
-0.305
-0.29
-0.25
-0.24
-0.26
-0.26
-0.285
-0.275
-0.25
-0.24
-0.245
-0.245
-0.25
-0.245
-0.23
-0.235
-0.255
-0.22
-0.24
-0.235
-0.22
-0.22
-0.225
-0.165
-0.15
-0.14
-0.145
-0.125
-0.12
-0.08
-0.04
0
0.045
0.08
0.125
0.125
0.095
0.07
0.06
0.015
-0.06
-0.15
-0.245
-0.28
-0.32
-0.315
-0.325
-0.365
-0.38
-0.385
-0.39
-0.38
-0.365
-0.34
-0.34
-0.33
-0.31
-0.335
-0.325
-0.335
-0.315
-0.3
-0.295
-0.285
-0.295
-0.29
-0.275
-0.29
-0.275
-0.29
-0.3
-0.29
-0.27
-0.25
-0.2
-0.13
-0.065
0.005
0.07
0.125
0.195
0.23
0.24
0.23
0.26
0.345
0.55
0.845
1.05
0.94
0.515
0.025
-0.27
-0.4
-0.45
-0.43
-0.41
-0.385
-0.42
-0.42
-0.435
-0.43
-0.42
-0.415
-0.435
-0.42
-0.43
-0.44
-0.44
-0.44
-0.43
-0.405
-0.395
-0.415
-0.42
-0.4
-0.425
-0.42
-0.415
-0.435
-0.4
-0.42
-0.405
-0.42
-0.395
-0.385
-0.365
-0.365
-0.335
-0.33
-0.355
-0.35
-0.365
-0.345
-0.32
-0.31
-0.305
-0.31
-0.315
-0.335
-0.31
-0.29
-0.29
-0.305
-0.31
-0.28
-0.28
-0.27
-0.265
-0.29
-0.27
-0.26
-0.225
-0.205
-0.215
-0.22
-0.215
-0.195
-0.19
-0.19
-0.165
-0.18
-0.195
-0.18
-0.185
-0.17
-0.185
-0.155
-0.155
-0.155
-0.16
-0.145
-0.105
-0.04
0
0.025
0.045
0.08
0.115
0.125
0.125
0.12
0.09
0.06
-0.005
-0.04
-0.08
-0.145
-0.215
-0.25
-0.28
-0.28
-0.28
-0.29
-0.275
-0.255
-0.235
-0.23
-0.235
-0.25
-0.265
-0.275
-0.25
-0.24
-0.245
-0.235
-0.24
-0.24
-0.25
-0.25
-0.25
-0.24
-0.235
-0.22
-0.205
-0.19
-0.19
-0.185
-0.13
-0.06
0
0.085
0.185
0.24
0.285
0.325
0.35
0.385
0.39
0.465
0.655
0.925
1.16
1.11
0.72
0.235
-0.095
-0.245
-0.325
-0.355
-0.35
-0.34
-0.36
-0.38
-0.41
-0.4
-0.37
-0.36
-0.36
-0.35
-0.36
-0.37
-0.37
-0.375
-0.375
-0.36
-0.365
-0.34
-0.355
-0.365
-0.37
-0.39
-0.39
-0.405
-0.38
-0.385
-0.38
-0.37
-0.38
-0.385
-0.37
-0.355
-0.36
-0.36
-0.335
-0.33
-0.325
-0.285
-0.295
-0.3
-0.295
-0.325
-0.285
-0.285
-0.29
-0.27
-0.285
-0.275
-0.285
-0.26
-0.285
-0.265
-0.28
-0.28
-0.275
-0.265
-0.255
-0.245
-0.24
-0.23
-0.225
-0.23
-0.24
-0.24
-0.23
-0.235
-0.225
-0.195
-0.17
-0.15
-0.155
-0.16
-0.135
-0.13
-0.085
-0.06
-0.025
0
0.01
0.04
0.065
0.07
0.075
0.03
0.02
-0.03
-0.085
-0.14
-0.2
-0.265
-0.305
-0.31
-0.335
-0.34
-0.335
-0.34
-0.32
-0.315
-0.315
-0.31
-0.31
-0.295
-0.29
-0.275
-0.28
-0.285
-0.28
-0.28
-0.275
-0.29
-0.285
-0.305
-0.31
-0.3
-0.315
-0.31
-0.3
-0.27
-0.28
-0.24
-0.2
-0.12
-0.06
0.01
0.08
0.135
0.185
0.21
0.2
0.195
0.24
0.37
0.605
0.92
1.105
0.93
0.445
-0.045
-0.31
-0.41
-0.475
-0.47
-0.455
-0.455
-0.46
-0.45
-0.455
-0.41
-0.42
-0.435
-0.42
-0.42
-0.4
-0.405
-0.4
-0.405
-0.41
-0.405
-0.385
-0.38
-0.385
-0.38
-0.375
-0.385
-0.39
-0.385
-0.405
-0.385
-0.375
-0.375
-0.37
-0.395
-0.4
-0.41
-0.38
-0.365
-0.34
-0.345
-0.35
-0.355
-0.335
-0.34
-0.35
-0.32
-0.31
-0.29
-0.315
-0.285
-0.265
-0.26
-0.265
-0.255
-0.235
-0.235
-0.25
-0.255
-0.265
-0.235
-0.235
-0.23
-0.22
-0.235
-0.245
-0.245
-0.21
-0.19
-0.18
-0.155
-0.155
-0.14
-0.11
-0.075
-0.02
0.045
0.025
0.045
0.075
0.08
0.085
0.075
0.055
0
-0.05
-0.1
-0.175
-0.225
-0.28
-0.3
-0.35
-0.35
-0.355
-0.32
-0.335
-0.33
-0.335
-0.32
-0.32
-0.34
-0.335
-0.31
-0.295
-0.315
-0.345
-0.33
-0.32
-0.315
-0.315
-0.3
-0.275
-0.275
-0.27
-0.28
-0.27
-0.3
-0.28
-0.29
-0.26
-0.2
-0.155
-0.06
-0.015
0.04
0.06
0.11
0.13
0.115
0.125
0.15
0.315
0.575
0.905
1.02
0.805
0.31
-0.18
-0.385
-0.485
-0.525
-0.515
-0.47
-0.47
-0.49
-0.48
-0.46
-0.45
-0.455
-0.46
-0.445
-0.45
-0.43
-0.435
-0.415
-0.44
-0.44
-0.46
-0.465
-0.45
-0.445
-0.475
-0.465
-0.46
-0.47
-0.455
-0.46
-0.43
-0.425
-0.44
-0.435
-0.445
-0.415
-0.415
-0.365
-0.36
-0.345
-0.375
-0.365
-0.345
-0.34
-0.33
-0.32
-0.325
-0.33
-0.32
-0.325
-0.32
-0.305
-0.27
-0.32
-0.34
-0.355
-0.32
-0.315
-0.295
-0.295
-0.3
-0.29
-0.29
-0.29
-0.28
-0.255
-0.235
-0.225
-0.225
-0.24
-0.18
-0.165
-0.195
-0.22
-0.185
-0.155
-0.11
-0.035
-0.04
-0.02
-0.015
0.02
0.04
0.02
0.03
-0.005
-0.055
-0.105
-0.155
-0.215
-0.285
-0.305
-0.35
-0.36
-0.385
-0.375
-0.375
-0.38
-0.355
-0.34
-0.325
-0.31
-0.305
-0.305
-0.315
-0.315
-0.31
-0.295
-0.31
-0.315
-0.305
-0.31
-0.305
-0.32
-0.33
-0.32
-0.3
-0.29
-0.275
-0.28
-0.26
-0.245
-0.18
-0.135
-0.035
0.045
0.09
0.195
0.23
0.255
0.285
0.27
0.325
0.455
0.705
0.965
1.04
0.805
0.315
-0.095
-0.32
-0.4
-0.435
-0.41
-0.42
-0.445
-0.46
-0.47
-0.46
-0.43
-0.415
-0.425
-0.42
-0.43
-0.45
-0.44
-0.44
-0.415
-0.415
-0.42
-0.395
-0.43
-0.415
-0.4
-0.37
-0.39
-0.38
-0.405
-0.39
-0.405
-0.415
-0.4
-0.38
-0.38
-0.38
-0.365
-0.37
-0.37
-0.38
-0.385
-0.355
-0.36
-0.34
-0.325
-0.33
-0.315
-0.31
-0.32
-0.29
-0.275
-0.27
-0.25
-0.275
-0.25
-0.24
-0.24
-0.255
-0.25
-0.25
-0.255
-0.24
-0.24
-0.25
-0.25
-0.23
-0.24
-0.22
-0.225
-0.24
-0.235
-0.22
-0.195
-0.195
-0.16
-0.175
-0.155
-0.135
-0.135
-0.07
-0.035
0
0.04
0.05
0.07
0.095
0.13
0.105
0.07
0.015
-0.04
-0.105
-0.17
-0.23
-0.27
-0.32
-0.35
-0.365
-0.375
-0.4
-0.37
-0.355
-0.33
-0.34
-0.335
-0.315
-0.33
-0.315
-0.33
-0.3
-0.29
-0.31
-0.3
-0.3
-0.285
-0.29
-0.3
-0.305
-0.3
-0.28
-0.285
-0.255
-0.265
-0.245
-0.225
-0.175
-0.115
-0.02
0.045
0.125
0.185
0.285
0.325
0.345
0.355
0.4
0.51
0.77
1.05
1.15
0.905
0.405
-0.03
-0.23
-0.325
-0.36
-0.38
-0.365
-0.385
-0.42
-0.435
-0.42
-0.415
-0.42
-0.42
-0.435
-0.41
-0.415
-0.415
-0.415
-0.405
-0.385
-0.405
-0.41
-0.42
-0.42
-0.395
-0.38
-0.385
-0.395
-0.395
-0.38
-0.39
-0.375
-0.365
-0.345
-0.345
-0.355
-0.365
-0.385
-0.35
-0.335
-0.345
-0.34
-0.35
-0.32
-0.3
-0.29
-0.28
-0.31
-0.295
-0.265
-0.285
-0.28
-0.28
-0.25
-0.265
-0.24
-0.235
-0.22
-0.25
-0.25
-0.255
-0.24
-0.225
-0.2
-0.2
-0.175
-0.17
-0.2
-0.2
-0.195
-0.19
-0.19
-0.15
-0.16
-0.155
-0.145
-0.125
-0.12
-0.055
0
0.02
0.035
0.055
0.095
0.115
0.12
0.1
0.09
0.04
0.015
-0.03
-0.08
-0.145
-0.2
-0.24
-0.265
-0.275
-0.28
-0.285
-0.26
-0.26
-0.28
-0.26
-0.265
-0.27
-0.26
-0.25
-0.25
-0.255
-0.245
-0.245
-0.25
-0.23
-0.235
-0.25
-0.24
-0.22
-0.215
-0.215
-0.215
-0.19
-0.2
-0.19
-0.16
-0.09
-0.05
0.025
0.09
0.145
0.2
0.235
0.245
0.26
0.27
0.31
0.475
0.755
1.01
1.095
0.87
0.4
-0.055
-0.29
-0.415
-0.46
-0.44
-0.43
-0.42
-0.4
-0.41
-0.4
-0.385
-0.39
-0.4
-0.41
-0.39
-0.38
-0.395
-0.375
-0.38
-0.395
-0.4
-0.4
-0.42
-0.43
-0.425
-0.43
-0.425
-0.435
-0.435
-0.43
-0.42
-0.43
-0.415
-0.41
-0.405
-0.405
-0.38
-0.36
-0.375
-0.355
-0.345
-0.32
-0.33
-0.315
-0.32
-0.295
-0.28
-0.26
-0.28
-0.3
-0.3
-0.305
-0.3
-0.295
-0.265
-0.28
-0.285
-0.265
-0.285
-0.255
-0.26
-0.275
-0.25
-0.275
-0.27
-0.25
-0.23
-0.22
-0.185
-0.19
-0.185
-0.15
-0.14
-0.1
-0.045
-0.03
0
0.035
0.045
0.06
0.065
0.07
0.02
-0.04
-0.065
-0.14
-0.185
-0.255
-0.29
-0.35
-0.36
-0.37
-0.4
-0.375
-0.375
-0.36
-0.34
-0.325
-0.325
-0.305
-0.31
-0.3
-0.305
-0.31
-0.31
-0.305
-0.295
-0.305
-0.295
-0.31
-0.29
-0.295
-0.305
-0.32
-0.325
-0.31
-0.31
-0.29
-0.26
-0.23
-0.165
-0.105
-0.04
0.035
0.055
0.095
0.125
0.13
0.155
0.19
0.285
0.5
0.8
1.015
0.97
0.575
0.075
-0.275
-0.43
-0.49
-0.505
-0.47
-0.47
-0.48
-0.485
-0.48
-0.46
-0.45
-0.465
-0.46
-0.46
-0.455
-0.44
-0.435
-0.425
-0.43
-0.445
-0.445
-0.435
-0.425
-0.43
-0.41
-0.43
-0.445
-0.42
-0.43
-0.4
-0.415
-0.4
-0.395
-0.41
-0.41
-0.42
-0.42
-0.4
-0.395
-0.375
-0.375
-0.365
-0.36
-0.37
-0.345
-0.32
-0.345
-0.33
-0.32
-0.31
-0.28
-0.27
-0.29
-0.295
-0.29
-0.265
-0.255
-0.25
-0.25
-0.24
-0.245
-0.25
-0.25
-0.23
-0.235
-0.235
-0.225
-0.23
-0.24
-0.185
-0.19
-0.185
-0.155
-0.14
-0.12
-0.06
-0.02
-0.01
0.01
0.045
0.055
0.09
0.075
0.055
0.05
-0.025
-0.1
-0.155
-0.21
-0.26
-0.305
-0.33
-0.33
-0.345
-0.375
-0.36
-0.365
-0.33
-0.335
-0.31
-0.335
-0.315
-0.33
-0.33
-0.31
-0.32
-0.33
-0.31
-0.32
-0.31
-0.315
-0.31
-0.285
-0.29
-0.265
-0.285
-0.295
-0.265
-0.27
-0.24
-0.195
-0.14
-0.09
0.005
0.035
0.075
0.14
0.135
0.145
0.155
0.185
0.315
0.515
0.81
1.045
0.94
0.51
0.015
-0.285
-0.425
-0.47
-0.48
-0.445
-0.45
-0.445
-0.43
-0.44
-0.425
-0.425
-0.415
-0.43
-0.42
-0.405
-0.405
-0.43
-0.42
-0.415
-0.43
-0.44
-0.42
-0.41
-0.41
-0.41
-0.425
-0.44
-0.41
-0.415
-0.405
-0.41
-0.41
-0.41
-0.4
-0.37
-0.37
-0.38
-0.36
-0.345
-0.33
-0.315
-0.32
-0.35
-0.35
-0.335
-0.335
-0.335
-0.34
-0.325
-0.315
-0.32
-0.33
-0.33
-0.32
-0.305
-0.32
-0.29
-0.29
-0.29
-0.27
-0.27
-0.275
-0.255
-0.23
-0.24
-0.245
-0.235
-0.225
-0.205
-0.19
-0.215
-0.185
-0.16
-0.125
-0.08
-0.035
-0.015
0
-0.005
0.03
0.03
0.035
0.02
-0.02
-0.065
-0.11
-0.17
-0.22
-0.28
-0.34
-0.36
-0.38
-0.365
-0.365
-0.36
-0.34
-0.35
-0.35
-0.36
-0.34
-0.34
-0.32
-0.335
-0.34
-0.34
-0.33
-0.32
-0.335
-0.35
-0.36
-0.34
-0.32
-0.35
-0.335
-0.31
-0.32
-0.315
-0.31
-0.28
-0.25
-0.195
-0.115
-0.035
0.045
0.09
0.08
0.11
0.125
0.135
0.18
0.3
0.53
0.83
1.03
0.94
0.5
0
-0.34
-0.46
-0.52
-0.535
-0.505
-0.515
-0.515
-0.515
-0.475
-0.475
-0.475
-0.485
-0.485
-0.475
-0.48
-0.475
-0.435
-0.415
-0.42
-0.445
-0.435
-0.435
-0.43
-0.415
-0.43
-0.41
-0.43
-0.435
-0.41
-0.415
-0.435
-0.425
-0.425
-0.41
-0.43
-0.42
-0.4
-0.4
-0.375
-0.37
-0.36
-0.355
-0.365
-0.355
-0.35
-0.335
-0.31
-0.3
-0.3
-0.275
-0.275
-0.29
-0.28
-0.255
-0.25
-0.28
-0.275
-0.26
-0.22
-0.245
-0.265
-0.25
-0.26
-0.235
-0.24
-0.25
-0.25
-0.245
-0.24
-0.23
-0.245
-0.205
-0.18
-0.175
-0.17
-0.16
-0.11
-0.09
-0.035
0
0.02
0.04
0.065
0.085
0.09
0.085
0.055
0.025
-0.045
-0.095
-0.18
-0.25
-0.295
-0.315
-0.335
-0.34
-0.355
-0.34
-0.315
-0.3
-0.285
-0.29
-0.3
-0.33
-0.305
-0.295
-0.255
-0.27
-0.25
-0.24
-0.25
-0.275
-0.28
-0.255
-0.27
-0.26
-0.275
-0.25
-0.265
-0.275
-0.27
-0.255
-0.205
-0.13
-0.055
0.02
0.11
0.18
0.27
0.29
0.31
0.305
0.315
0.38
0.565
0.85
1.07
0.985
0.59
0.11
-0.155
-0.3
-0.355
-0.39
-0.37
-0.385
-0.4
-0.42
-0.42
-0.385
-0.415
-0.425
-0.425
-0.42
-0.4
-0.41
-0.41
-0.395
-0.41
-0.435
-0.41
-0.425
-0.43
-0.415
-0.41
-0.415
-0.39
-0.36
-0.36
-0.36
-0.38
-0.4
-0.405
-0.365
-0.37
-0.37
-0.365
-0.35
-0.35
-0.34
-0.365
-0.36
-0.355
-0.34
-0.345
-0.325
-0.335
-0.315
-0.32
-0.285
-0.305
-0.32
-0.31
-0.31
-0.285
-0.255
-0.225
-0.245
-0.25
-0.245
-0.265
-0.235
-0.22
-0.195
-0.215
-0.21
-0.19
-0.2
-0.215
-0.215
-0.195
-0.2
-0.175
-0.17
-0.18
-0.165
-0.13
-0.09
-0.035
-0.015
0.015
0.03
0.065
0.095
0.115
0.13
0.12
0.07
0.01
-0.03
-0.085
-0.16
-0.21
-0.255
-0.27
-0.295
-0.31
-0.29
-0.275
-0.285
-0.305
-0.33
-0.32
-0.33
-0.295
-0.28
-0.28
-0.3
-0.295
-0.295
-0.285
-0.275
-0.255
-0.245
-0.245
-0.245
-0.235
-0.255
-0.255
-0.22
-0.23
-0.215
-0.19
-0.145
-0.08
0
0.085
0.135
0.205
0.27
0.295
0.305
0.31
0.33
0.42
0.66
0.96
1.12
0.98
0.56
0.065
-0.22
-0.335
-0.415
-0.415
-0.375
-0.36
-0.385
-0.375
-0.405
-0.395
-0.395
-0.38
-0.36
-0.375
-0.375
-0.4
-0.395
-0.405
-0.405
-0.41
-0.415
-0.405
-0.405
-0.4
-0.395
-0.405
-0.4
-0.41
-0.415
-0.425
-0.4
-0.375
-0.385
-0.395
-0.37
-0.37
-0.35
-0.37
-0.355
-0.345
-0.34
-0.34
-0.32
-0.305
-0.32
-0.315
-0.31
-0.305
-0.31
-0.305
-0.305
-0.32
-0.32
-0.295
-0.285
-0.28
-0.275
-0.26
-0.26
-0.26
-0.28
-0.275
-0.265
-0.245
-0.245
-0.22
-0.23
-0.23
-0.215
-0.185
-0.19
-0.165
-0.14
-0.135
-0.15
-0.135
-0.08
-0.05
0
0
0
0.015
0.04
0.035
0.045
0.005
-0.04
-0.095
-0.15
-0.22
-0.26
-0.305
-0.345
-0.36
-0.36
-0.35
-0.34
-0.325
-0.325
-0.32
-0.31
-0.295
-0.295
-0.295
-0.32
-0.345
-0.34
-0.32
-0.32
-0.315
-0.33
-0.32
-0.325
-0.32
-0.325
-0.33
-0.345
-0.34
-0.35
-0.32
-0.305
-0.25
-0.21
-0.135
-0.055
0.005
0.06
0.1
0.125
0.13
0.145
0.155
0.19
0.385
0.64
0.925
0.995
0.725
0.205
-0.225
-0.44
-0.515
-0.555
-0.54
-0.52
-0.515
-0.52
-0.515
-0.495
-0.48
-0.515
-0.49
-0.51
-0.515
-0.505
-0.48
-0.48
-0.455
-0.455
-0.47
-0.46
-0.49
-0.47
-0.465
-0.465
-0.46
-0.45
-0.465
-0.465
-0.46
-0.475
-0.475
-0.475
-0.47
-0.455
-0.46
-0.435
-0.415
-0.435
-0.435
-0.42
-0.415
-0.425
-0.41
-0.395
-0.385
-0.365
-0.36
-0.33
-0.34
-0.35
-0.355
-0.365
-0.345
-0.32
-0.305
-0.305
-0.3
-0.33
-0.315
-0.32
-0.32
-0.31
-0.305
-0.29
-0.285
-0.28
-0.29
-0.255
-0.265
-0.25
-0.245
-0.23
-0.18
-0.145
-0.08
-0.05
-0.025
0.01
0.03
0.06
0.045
0.03
-0.02
-0.075
-0.105
-0.175
-0.215
-0.31
-0.35
-0.39
-0.4
-0.43
-0.415
-0.42
-0.4
-0.39
-0.38
-0.38
-0.37
-0.37
-0.355
-0.36
-0.35
-0.355
-0.365
-0.36
-0.33
-0.33
-0.31
-0.305
-0.33
-0.33
-0.325
-0.31
-0.31
-0.31
-0.315
-0.275
-0.265
-0.21
-0.16
-0.085
-0.04
0.03
0.06
0.09
0.095
0.1
0.14
0.205
0.385
0.65
0.92
0.99
0.68
0.18
-0.21
-0.405
-0.49
-0.51
-0.505
-0.485
-0.48
-0.47
-0.46
-0.445
-0.44
-0.435
-0.445
-0.46
-0.45
-0.445
-0.45
-0.445
-0.455
-0.455
-0.455
-0.445
-0.425
-0.44
-0.445
-0.45
-0.435
-0.43
-0.45
-0.44
-0.415
-0.41
-0.425
-0.4
-0.39
-0.405
-0.4
-0.395
-0.385
-0.375
-0.35
-0.34
-0.355
-0.33
-0.33
-0.345
-0.345
-0.32
-0.335
-0.32
-0.345
-0.345
-0.335
-0.325
-0.305
-0.305
-0.32
-0.3
-0.305
-0.29
-0.265
-0.28
-0.275
-0.26
-0.25
-0.245
-0.245
-0.235
-0.235
-0.205
-0.225
-0.205
-0.205
-0.16
-0.185
-0.18
-0.13
-0.12
-0.07
-0.04
-0.025
0.005
0.01
0.055
0.015
0.045
0.01
-0.045
-0.085
-0.145
-0.2
-0.26
-0.29
-0.3
-0.335
-0.36
-0.375
-0.395
-0.36
-0.34
-0.34
-0.34
-0.33
-0.34
-0.375
-0.375
-0.37
-0.345
-0.335
-0.34
-0.35
-0.34
-0.35
-0.37
-0.355
-0.35
-0.345
-0.32
-0.345
-0.345
-0.32
-0.29
-0.24
-0.17
-0.11
-0.035
0.025
0.065
0.11
0.085
0.1
0.11
0.15
0.255
0.495
0.805
0.975
0.85
0.45
-0.02
-0.32
-0.455
-0.54
-0.54
-0.505
-0.5
-0.495
-0.49
-0.47
-0.46
-0.44
-0.46
-0.45
-0.44
-0.44
-0.465
-0.45
-0.465
-0.445
-0.455
-0.455
-0.45
-0.455
-0.48
-0.465
-0.48
-0.48
-0.46
-0.48
-0.48
-0.465
-0.465
-0.455
-0.455
-0.445
-0.42
-0.44
-0.42
-0.39
-0.375
-0.37
-0.36
-0.34
-0.33
-0.335
-0.345
-0.345
-0.34
-0.335
-0.33
-0.33
-0.345
-0.355
-0.34
-0.33
-0.33
-0.315
-0.31
-0.305
-0.3
-0.295
-0.28
-0.27
-0.315
-0.29
-0.285
-0.275
-0.265
-0.23
-0.22
-0.205
-0.195
-0.19
-0.18
-0.135
-0.095
-0.055
-0.02
0
0.04
0.06
0.065
0.07
0.06
0.015
-0.03
-0.09
-0.125
-0.195
-0.265
-0.32
-0.365
-0.375
-0.36
-0.365
-0.36
-0.345
-0.345
-0.33
-0.31
-0.305
-0.285
-0.275
-0.295
-0.3
-0.275
-0.255
-0.275
-0.285
-0.28
-0.285
-0.27
-0.255
-0.255
-0.26
-0.305
-0.31
-0.29
-0.29
-0.24
-0.195
-0.15
-0.07
0
0.085
0.155
0.215
0.255
0.285
0.325
0.315
0.36
0.51
0.78
1
1
0.65
0.175
-0.16
-0.29
-0.34
-0.39
-0.4
-0.405
-0.43
-0.43
-0.425
-0.41
-0.39
-0.41
-0.4
-0.41
-0.425
-0.405
-0.405
-0.42
-0.43
-0.405
-0.385
-0.385
-0.385
-0.38
-0.4
-0.405
-0.395
-0.375
-0.325
-0.33
-0.345
-0.36
-0.35
-0.36
-0.35
-0.35
-0.345
-0.355
-0.345
-0.33
-0.3
-0.29
-0.31
-0.32
-0.315
-0.32
-0.305
-0.31
-0.29
-0.28
-0.23
-0.245
-0.25
-0.255
-0.27
-0.255
-0.24
-0.23
-0.22
-0.21
-0.21
-0.19
-0.235
-0.2
-0.2
-0.185
-0.195
-0.19
-0.185
-0.185
-0.165
-0.17
-0.16
-0.185
-0.135
-0.135
-0.15
-0.095
-0.05
0.005
0.035
0.04
0.085
0.12
0.15
0.17
0.17
0.13
0.045
0
-0.065
-0.13
-0.18
-0.23
-0.265
-0.27
-0.285
-0.285
-0.3
-0.29
-0.285
-0.275
-0.255
-0.26
-0.26
-0.26
-0.295
-0.275
-0.24
-0.22
-0.2
-0.235
-0.235
-0.225
-0.23
-0.24
-0.24
-0.24
-0.23
-0.22
-0.235
-0.22
-0.18
-0.14
-0.105
-0.04
0.065
0.135
0.21
0.275
0.315
0.39
0.415
0.41
0.44
0.6
0.86
1.11
1.13
0.815
0.33
-0.07
-0.23
-0.31
-0.31
-0.3
-0.31
-0.35
-0.41
-0.39
-0.365
-0.365
-0.365
-0.365
-0.37
-0.365
-0.39
-0.375
-0.375
-0.375
-0.37
-0.385
-0.38
-0.375
-0.38
-0.375
-0.375
-0.365
-0.355
-0.365
-0.38
-0.36
-0.345
-0.37
-0.34
-0.335
-0.32
-0.32
-0.29
-0.315
-0.3
-0.31
-0.305
-0.31
-0.29
-0.3
-0.29
-0.28
-0.275
-0.275
-0.27
-0.25
-0.25
-0.235
-0.235
-0.23
-0.225
-0.22
-0.215
-0.235
-0.235
-0.215
-0.18
-0.165
-0.14
-0.15
-0.15
-0.135
-0.135
-0.145
-0.135
-0.13
-0.105
-0.105
-0.11
-0.1
-0.105
-0.07
-0.07
-0.025
0.01
0.065
0.085
0.115
0.15
0.17
0.19
0.18
0.165
0.115
0.075
0.01
-0.025
-0.1
-0.15
-0.16
-0.19
-0.22
-0.205
-0.215
-0.205
-0.195
-0.195
-0.19
-0.195
-0.205
-0.225
-0.22
-0.2
-0.205
-0.2
-0.195
-0.205
-0.195
-0.185
-0.185
-0.205
-0.195
-0.21
-0.185
-0.175
-0.165
-0.17
-0.15
-0.125
-0.065
0.04
0.135
0.19
0.245
0.275
0.325
0.33
0.325
0.34
0.39
0.585
0.85
1.085
1.11
0.76
0.255
-0.105
-0.26
-0.345
-0.375
-0.35
-0.33
-0.315
-0.35
-0.355
-0.345
-0.33
-0.305
-0.315
-0.315
-0.325
-0.31
-0.31
-0.315
-0.31
-0.315
-0.315
-0.31
-0.31
-0.35
-0.365
-0.33
-0.345
-0.335
-0.32
-0.325
-0.32
-0.32
-0.32
-0.315
-0.315
-0.315
-0.3
-0.305
-0.295
-0.28
-0.285
-0.26
-0.27
-0.265
-0.27
-0.25
-0.255
-0.25
-0.235
-0.245
-0.25
-0.24
-0.23
-0.27
-0.265
-0.265
-0.25
-0.245
-0.23
-0.225
-0.23
-0.21
-0.18
-0.205
-0.19
-0.175
-0.175
-0.14
-0.135
-0.11
-0.105
-0.07
-0.045
-0.035
0
0.055
0.07
0.05
0.085
0.1
0.105
0.135
0.12
0.09
0.03
-0.04
-0.09
-0.15
-0.185
-0.255
-0.28
-0.3
-0.3
-0.29
-0.29
-0.29
-0.29
-0.27
-0.255
-0.255
-0.26
-0.235
-0.255
-0.25
-0.255
-0.235
-0.25
-0.245
-0.245
-0.22
-0.23
-0.22
-0.265
-0.295
-0.285
-0.275
-0.245
-0.235
-0.22
-0.19
-0.15
-0.08
0
0.055
0.095
0.145
0.155
0.15
0.185
0.23
0.315
0.53
0.795
1.015
0.935
0.56
0.075
-0.245
-0.39
-0.475
-0.475
-0.465
-0.445
-0.45
-0.465
-0.435
-0.425
-0.41
-0.42
-0.41
-0.4
-0.395
-0.415
-0.395
-0.39
-0.415
-0.415
-0.405
-0.4
-0.38
-0.375
-0.4
-0.38
-0.39
-0.385
-0.39
-0.385
-0.38
-0.365
-0.365
-0.37
-0.36
-0.37
-0.385
-0.355
-0.34
-0.315
-0.34
-0.325
-0.32
-0.32
-0.315
-0.295
-0.295
-0.285
-0.29
-0.27
-0.255
-0.255
-0.275
-0.255
-0.25
-0.245
-0.245
-0.245
-0.21
-0.215
-0.22
-0.23
-0.215
-0.205
-0.21
-0.23
-0.24
-0.25
-0.215
-0.175
-0.14
-0.14
-0.115
-0.09
-0.075
-0.03
0.015
0.025
0.065
0.1
0.115
0.12
0.11
0.075
0.015
-0.025
-0.08
-0.155
-0.225
-0.265
-0.3
-0.34
-0.335
-0.34
-0.345
-0.34
-0.34
-0.33
-0.32
-0.305
-0.29
-0.285
-0.3
-0.295
-0.305
-0.29
-0.295
-0.285
-0.275
-0.26
-0.275
-0.275
-0.28
-0.28
-0.27
-0.26
-0.265
-0.275
-0.265
-0.215
-0.21
-0.13
-0.04
-0.02
0.04
0.095
0.11
0.125
0.14
0.155
0.205
0.34
0.605
0.88
1
0.805
0.325
-0.12
-0.36
-0.45
-0.51
-0.49
-0.475
-0.475
-0.475
-0.46
-0.455
-0.44
-0.445
-0.445
-0.43
-0.45
-0.475
-0.48
-0.49
-0.465
-0.47
-0.485
-0.475
-0.455
-0.465
-0.475
-0.46
-0.47
-0.485
-0.47
-0.46
-0.475
-0.465
-0.465
-0.445
-0.42
-0.425
-0.415
-0.425
-0.42
-0.405
-0.415
-0.39
-0.415
-0.38
-0.375
-0.36
-0.38
-0.36
-0.35
-0.34
-0.36
-0.35
-0.32
-0.325
-0.32
-0.36
-0.345
-0.34
-0.325
-0.315
-0.335
-0.32
-0.3
-0.285
-0.245
-0.23
-0.25
-0.275
-0.28
-0.245
-0.245
-0.215
-0.21
-0.165
-0.16
-0.15
-0.125
-0.13
-0.07
-0.02
-0.01
-0.01
0.025
0.055
0.06
0.05
0.015
-0.04
-0.09
-0.15
-0.205
-0.24
-0.27
-0.33
-0.35
-0.37
-0.36
-0.355
-0.355
-0.345
-0.335
-0.34
-0.34
-0.32
-0.335
-0.33
-0.345
-0.375
-0.37
-0.365
-0.355
-0.335
-0.35
-0.34
-0.34
-0.365
-0.34
-0.34
-0.345
-0.335
-0.33
-0.295
-0.27
-0.22
-0.125
-0.07
0
0.035
0.095
0.115
0.125
0.135
0.115
0.2
0.355
0.605
0.9
1.005
0.79
0.335
-0.1
-0.36
-0.44
-0.48
-0.49
-0.46
-0.465
-0.48
-0.505
-0.495
-0.495
-0.46
-0.435
-0.44
-0.465
-0.455
-0.445
-0.425
-0.45
-0.445
-0.44
-0.45
-0.43
-0.42
-0.415
-0.43
-0.45
-0.46
-0.47
-0.48
-0.475
-0.46
-0.465
-0.435
-0.435
-0.45
-0.425
-0.405
-0.375
-0.395
-0.425
-0.41
-0.375
-0.355
-0.345
-0.34
-0.35
-0.345
-0.33
-0.335
-0.345
-0.345
-0.33
-0.32
-0.32
-0.32
-0.345
-0.34
-0.335
-0.315
-0.32
-0.31
-0.305
-0.315
-0.3
-0.305
-0.295
-0.265
-0.25
-0.28
-0.26
-0.205
-0.2
-0.18
-0.16
-0.135
-0.11
-0.065
-0.035
-0.01
0
0.035
0.04
0.055
0.06
0.005
-0.055
-0.11
-0.165
-0.22
-0.27
-0.31
-0.345
-0.39
-0.36
-0.37
-0.365
-0.365
-0.35
-0.35
-0.34
-0.345
-0.335
-0.315
-0.3
-0.305
-0.33
-0.335
-0.32
-0.325
-0.32
-0.315
-0.32
-0.34
-0.325
-0.33
-0.32
-0.33
-0.33
-0.33
-0.295
-0.29
-0.23
-0.15
-0.1
-0.03
0
0.045
0.08
0.11
0.125
0.14
0.195
0.34
0.61
0.885
1.005
0.765
0.275
-0.155
-0.355
-0.455
-0.525
-0.52
-0.485
-0.495
-0.525
-0.52
-0.515
-0.51
-0.495
-0.48
-0.49
-0.48
-0.48
-0.495
-0.48
-0.48
-0.47
-0.475
-0.455
-0.445
-0.435
-0.445
-0.46
-0.465
-0.46
-0.45
-0.47
-0.47
-0.42
-0.465
-0.43
-0.44
-0.44
-0.445
-0.44
-0.425
-0.415
-0.405
-0.395
-0.39
-0.375
-0.36
-0.35
-0.36
-0.365
-0.35
-0.355
-0.34
-0.31
-0.335
-0.32
-0.31
-0.33
-0.34
-0.31
-0.315
-0.32
-0.32
-0.325
-0.315
-0.31
-0.3
-0.305
-0.31
-0.32
-0.285
-0.255
-0.255
-0.26
-0.23
-0.205
-0.15
-0.12
-0.09
-0.065
-0.055
-0.01
-0.005
0.02
0.025
0.025
-0.02
-0.08
-0.13
-0.205
-0.28
-0.33
-0.38
-0.395
-0.405
-0.41
-0.435
-0.43
-0.395
-0.41
-0.415
-0.39
-0.395
-0.38
-0.37
-0.385
-0.345
-0.38
-0.36
-0.365
-0.35
-0.335
-0.35
-0.315
-0.33
-0.36
-0.32
-0.34
-0.345
-0.34
-0.325
-0.285
-0.24
-0.16
-0.08
0.005
0.04
0.08
0.125
0.145
0.15
0.195
0.23
0.295
0.47
0.765
0.985
0.925
0.53
0.08
-0.245
-0.395
-0.415
-0.44
-0.425
-0.44
-0.44
-0.46
-0.43
-0.435
-0.42
-0.395
-0.4
-0.42
-0.425
-0.46
-0.455
-0.465
-0.425
-0.44
-0.445
-0.455
-0.45
-0.45
-0.43
-0.42
-0.425
-0.43
-0.425
-0.42
-0.42
-0.405
-0.4
-0.38
-0.38
-0.375
-0.365
-0.35
-0.325
-0.345
-0.345
-0.33
-0.325
-0.355
-0.35
-0.335
-0.32
-0.315
-0.335
-0.33
-0.33
-0.3
-0.31
-0.3
-0.275
-0.315
-0.285
-0.28
-0.27
-0.27
-0.28
-0.26
-0.22
-0.22
-0.235
-0.215
-0.21
-0.225
-0.235
-0.245
-0.225
-0.19
-0.165
-0.16
-0.185
-0.175
-0.14
-0.1
-0.045
-0.005
0.03
0.065
0.1
0.095
0.085
0.09
0.08
0.01
-0.04
-0.08
-0.145
-0.22
-0.245
-0.28
-0.295
-0.315
-0.315
-0.315
-0.315
-0.315
-0.285
-0.275
-0.285
-0.28
-0.285
-0.305
-0.31
-0.3
-0.305
-0.28
-0.28
-0.285
-0.3
-0.265
-0.25
-0.28
-0.285
-0.26
-0.285
-0.275
-0.255
-0.23
-0.205
-0.14
-0.06
0.015
0.09
0.17
0.22
0.29
0.325
0.365
0.36
0.39
0.515
0.77
1.015
1.04
0.72
0.225
-0.12
-0.28
-0.35
-0.39
-0.34
-0.395
-0.4
-0.41
-0.415
-0.42
-0.42
-0.41
-0.395
-0.405
-0.405
-0.395
-0.39
-0.4
-0.4
-0.385
-0.38
-0.4
-0.38
-0.39
-0.405
-0.415
-0.42
-0.42
-0.42
-0.4
-0.41
-0.395
-0.385
-0.375
-0.39
-0.35
-0.36
-0.37
-0.345
-0.325
-0.315
