TP 	 FP 	 FN 	 SH 	 Se 		 Sp 		 Erms 	 AC 		 Ondita Madre
8743 	 05 	 09 	 02 	 99.87 		 99.91 		 NaN 	 99.87 		 db4
8748 	 02 	 06 	 00 	 99.93 		 99.97 		 NaN 	 99.93 		 db5
8748 	 04 	 06 	 00 	 99.92 		 99.95 		 NaN 	 99.92 		 db6
8749 	 03 	 04 	 01 	 99.93 		 99.95 		 NaN 	 99.93 		 db7
8748 	 01 	 05 	 01 	 99.93 		 99.98 		 NaN 	 99.93 		 db8
8750 	 02 	 04 	 00 	 99.95 		 99.97 		 NaN 	 99.95 		 db9
8746 	 02 	 07 	 01 	 99.89 		 99.96 		 NaN 	 99.89 		 db10
8748 	 03 	 05 	 01 	 99.92 		 99.95 		 NaN 	 99.92 		 db11
8749 	 01 	 04 	 01 	 99.94 		 99.98 		 NaN 	 99.94 		 db12
8750 	 03 	 04 	 00 	 99.95 		 99.96 		 NaN 	 99.95 		 db13
8749 	 01 	 05 	 00 	 99.93 		 99.99 		 NaN 	 99.93 		 db14
8748 	 01 	 05 	 01 	 99.93 		 99.98 		 NaN 	 99.93 		 db15
8749 	 03 	 05 	 00 	 99.94 		 99.96 		 NaN 	 99.94 		 db16
8746 	 03 	 07 	 01 	 99.90 		 99.95 		 NaN 	 99.90 		 db17
8748 	 02 	 06 	 00 	 99.92 		 99.97 		 NaN 	 99.92 		 db18
8751 	 02 	 03 	 00 	 99.96 		 99.97 		 NaN 	 99.96 		 db19
8748 	 03 	 06 	 00 	 99.92 		 99.97 		 NaN 	 99.92 		 db20
8748 	 03 	 06 	 00 	 99.92 		 99.96 		 NaN 	 99.92 		 db21
8751 	 02 	 03 	 00 	 99.96 		 99.97 		 NaN 	 99.96 		 db22
8748 	 01 	 06 	 00 	 99.92 		 99.99 		 NaN 	 99.92 		 db23
8749 	 01 	 05 	 00 	 99.93 		 99.99 		 NaN 	 99.93 		 db24
8751 	 02 	 03 	 00 	 99.96 		 99.97 		 NaN 	 99.96 		 db25
8751 	 01 	 03 	 00 	 99.96 		 99.99 		 NaN 	 99.96 		 db26
8747 	 01 	 07 	 00 	 99.91 		 99.99 		 NaN 	 99.91 		 db27
8749 	 05 	 05 	 00 	 99.94 		 99.94 		 NaN 	 99.94 		 db28
8750 	 04 	 03 	 01 	 99.95 		 99.94 		 NaN 	 99.95 		 db29
8750 	 01 	 04 	 00 	 99.95 		 99.99 		 NaN 	 99.95 		 db30
8750 	 06 	 04 	 00 	 99.95 		 99.92 		 NaN 	 99.95 		 db31
8749 	 03 	 05 	 00 	 99.93 		 99.96 		 NaN 	 99.93 		 db32
8750 	 02 	 03 	 01 	 99.95 		 99.96 		 NaN 	 99.95 		 db33
8749 	 03 	 05 	 00 	 99.94 		 99.96 		 NaN 	 99.94 		 db34
8750 	 05 	 04 	 00 	 99.95 		 99.94 		 NaN 	 99.95 		 db35
8751 	 03 	 03 	 00 	 99.96 		 99.96 		 NaN 	 99.96 		 db36
8749 	 02 	 05 	 00 	 99.93 		 99.97 		 NaN 	 99.93 		 db37
8749 	 02 	 05 	 00 	 99.94 		 99.98 		 NaN 	 99.94 		 db38
8750 	 01 	 04 	 00 	 99.95 		 99.99 		 NaN 	 99.95 		 db39
8751 	 02 	 03 	 00 	 99.96 		 99.97 		 NaN 	 99.96 		 db40
8749 	 01 	 05 	 00 	 99.93 		 99.99 		 NaN 	 99.93 		 db41
8748 	 06 	 06 	 00 	 99.92 		 99.93 		 NaN 	 99.92 		 db42
8751 	 02 	 03 	 00 	 99.96 		 99.97 		 NaN 	 99.96 		 db43
8750 	 01 	 04 	 00 	 99.95 		 99.99 		 NaN 	 99.95 		 db44
8747 	 05 	 07 	 00 	 99.91 		 99.94 		 NaN 	 99.91 		 db45
8705 	 58 	 48 	 01 	 99.42 		 99.24 		 NaN 	 99.42 		 haar
8743 	 24 	 11 	 00 	 99.85 		 99.68 		 NaN 	 99.85 		 coif1
8748 	 03 	 04 	 02 	 99.93 		 99.94 		 NaN 	 99.93 		 coif2
8748 	 05 	 05 	 01 	 99.92 		 99.93 		 NaN 	 99.92 		 coif3
8747 	 02 	 05 	 02 	 99.91 		 99.95 		 NaN 	 99.91 		 coif4
8749 	 02 	 04 	 01 	 99.94 		 99.96 		 NaN 	 99.94 		 coif5
8746 	 05 	 07 	 01 	 99.90 		 99.92 		 NaN 	 99.90 		 sym4
8749 	 03 	 05 	 00 	 99.94 		 99.96 		 NaN 	 99.94 		 sym5
8749 	 03 	 03 	 02 	 99.94 		 99.94 		 NaN 	 99.94 		 sym6
8746 	 03 	 07 	 01 	 99.90 		 99.95 		 NaN 	 99.90 		 sym7
8748 	 03 	 05 	 01 	 99.92 		 99.95 		 NaN 	 99.92 		 sym8
8749 	 03 	 05 	 00 	 99.94 		 99.96 		 NaN 	 99.94 		 sym9
8748 	 03 	 05 	 01 	 99.92 		 99.95 		 NaN 	 99.92 		 sym10
8751 	 01 	 03 	 00 	 99.96 		 99.99 		 NaN 	 99.96 		 sym11
8746 	 03 	 07 	 01 	 99.89 		 99.95 		 NaN 	 99.89 		 sym12
8749 	 01 	 05 	 00 	 99.94 		 99.99 		 NaN 	 99.94 		 sym13
8748 	 02 	 05 	 01 	 99.93 		 99.96 		 NaN 	 99.93 		 sym14
8747 	 03 	 06 	 01 	 99.92 		 99.95 		 NaN 	 99.92 		 sym15
8750 	 01 	 04 	 00 	 99.95 		 99.99 		 NaN 	 99.95 		 dmey
8749 	 02 	 05 	 00 	 99.94 		 99.97 		 NaN 	 99.94 		 bior3.9
8745 	 07 	 08 	 01 	 99.88 		 99.90 		 NaN 	 99.88 		 bior4.4
8749 	 03 	 04 	 01 	 99.93 		 99.95 		 NaN 	 99.93 		 bior5.5

Mejor SE: 99.960578 - db19 - db22 - db25 - db26 - db36 - db40 - db43 - sym11
Mejor SP: 99.986034 - db23 - db24 - db26 - db27 - db30 - db39 - db41 - db44 - sym11 - sym13 - dmey
Mejor PE: NaN - 
Mejor AC: 99.960578 - db19 - db22 - db25 - db26 - db36 - db40 - db43 - sym11


Total de Wavelets analizadas: 64
Total de señales analizadas: 30
Total de picos: 851
Time elapsed: 205.971282


Pedro Zenone - pedro.zenone@gmail.com
Nicolás Linale - nicolaslinale@gmail.com
