TP 	 FP 	 FN 	 SH 	 Se 		 Sp 		 Erms 	 AC 		 Ondita Madre
832 	 04 	 01 	 18 	 97.20 		 96.78 		 NaN 	 97.20 		 db4
823 	 05 	 12 	 16 	 96.54 		 96.98 		 NaN 	 96.54 		 db5
837 	 01 	 02 	 12 	 97.86 		 97.96 		 NaN 	 97.86 		 db6
834 	 01 	 02 	 15 	 97.36 		 97.46 		 NaN 	 97.36 		 db7
834 	 01 	 03 	 14 	 97.47 		 97.65 		 NaN 	 97.47 		 db8
832 	 01 	 07 	 12 	 97.48 		 97.98 		 NaN 	 97.48 		 db9
838 	 02 	 01 	 12 	 97.92 		 97.76 		 NaN 	 97.92 		 db10
835 	 01 	 02 	 14 	 97.55 		 97.65 		 NaN 	 97.55 		 db11
835 	 01 	 05 	 11 	 97.72 		 98.07 		 NaN 	 97.72 		 db12
834 	 01 	 02 	 15 	 97.47 		 97.57 		 NaN 	 97.47 		 db13
833 	 01 	 02 	 16 	 97.28 		 97.38 		 NaN 	 97.28 		 db14
833 	 01 	 03 	 15 	 97.39 		 97.57 		 NaN 	 97.39 		 db15
838 	 01 	 01 	 12 	 97.93 		 97.93 		 0.10 	 97.93 		 db16
837 	 01 	 02 	 12 	 97.74 		 97.84 		 NaN 	 97.74 		 db17
837 	 01 	 02 	 12 	 97.83 		 97.93 		 NaN 	 97.83 		 db18
837 	 01 	 02 	 12 	 97.83 		 97.93 		 NaN 	 97.83 		 db19
833 	 01 	 02 	 16 	 97.19 		 97.29 		 NaN 	 97.19 		 db20
837 	 01 	 02 	 12 	 97.83 		 97.93 		 NaN 	 97.83 		 db21
837 	 01 	 03 	 11 	 97.87 		 98.05 		 NaN 	 97.87 		 db22
829 	 01 	 05 	 17 	 96.85 		 97.19 		 NaN 	 96.85 		 db23
832 	 01 	 02 	 17 	 97.20 		 97.30 		 NaN 	 97.20 		 db24
837 	 01 	 02 	 12 	 97.83 		 97.93 		 NaN 	 97.83 		 db25
833 	 01 	 03 	 15 	 97.28 		 97.46 		 NaN 	 97.28 		 db26
834 	 01 	 02 	 15 	 97.38 		 97.48 		 NaN 	 97.38 		 db27
839 	 01 	 02 	 10 	 98.10 		 98.20 		 NaN 	 98.10 		 db28
832 	 01 	 02 	 17 	 97.09 		 97.19 		 NaN 	 97.09 		 db29
833 	 01 	 02 	 16 	 97.28 		 97.38 		 NaN 	 97.28 		 db30
841 	 01 	 02 	 08 	 98.39 		 98.50 		 NaN 	 98.39 		 db31
834 	 01 	 02 	 15 	 97.36 		 97.46 		 NaN 	 97.36 		 db32
832 	 01 	 03 	 16 	 97.20 		 97.38 		 NaN 	 97.20 		 db33
839 	 01 	 02 	 10 	 98.10 		 98.20 		 NaN 	 98.10 		 db34
835 	 01 	 02 	 14 	 97.46 		 97.56 		 NaN 	 97.46 		 db35
833 	 01 	 02 	 16 	 97.28 		 97.38 		 NaN 	 97.28 		 db36
837 	 01 	 02 	 12 	 97.83 		 97.93 		 NaN 	 97.83 		 db37
833 	 01 	 02 	 16 	 97.19 		 97.29 		 NaN 	 97.19 		 db38
833 	 01 	 02 	 16 	 97.28 		 97.38 		 NaN 	 97.28 		 db39
835 	 01 	 03 	 13 	 97.66 		 97.84 		 NaN 	 97.66 		 db40
835 	 01 	 02 	 14 	 97.46 		 97.56 		 NaN 	 97.46 		 db41
832 	 01 	 02 	 17 	 97.09 		 97.19 		 NaN 	 97.09 		 db42
840 	 01 	 02 	 09 	 98.29 		 98.39 		 NaN 	 98.29 		 db43
834 	 01 	 03 	 14 	 97.47 		 97.65 		 NaN 	 97.47 		 db44
832 	 01 	 02 	 17 	 97.09 		 97.19 		 NaN 	 97.09 		 db45
820 	 1151 	 22 	 09 	 96.99 		 46.02 		 NaN 	 96.99 		 haar
795 	 29 	 31 	 25 	 93.73 		 93.28 		 NaN 	 93.73 		 coif1
840 	 00 	 01 	 10 	 98.39 		 98.49 		 NaN 	 98.39 		 coif2
836 	 01 	 02 	 13 	 97.94 		 98.04 		 NaN 	 97.94 		 coif3
836 	 01 	 02 	 13 	 97.53 		 97.63 		 NaN 	 97.53 		 coif4
833 	 01 	 03 	 15 	 97.28 		 97.46 		 NaN 	 97.28 		 coif5
833 	 01 	 02 	 16 	 97.30 		 97.40 		 NaN 	 97.30 		 sym4
824 	 03 	 13 	 14 	 96.53 		 97.31 		 NaN 	 96.53 		 sym5
838 	 01 	 02 	 11 	 98.08 		 98.18 		 NaN 	 98.08 		 sym6
835 	 02 	 03 	 13 	 97.72 		 97.82 		 NaN 	 97.72 		 sym7
837 	 00 	 01 	 13 	 97.72 		 97.82 		 NaN 	 97.72 		 sym8
829 	 01 	 08 	 14 	 96.98 		 97.56 		 NaN 	 96.98 		 sym9
837 	 00 	 01 	 13 	 98.05 		 98.15 		 NaN 	 98.05 		 sym10
833 	 02 	 07 	 11 	 97.55 		 97.97 		 NaN 	 97.55 		 sym11
835 	 01 	 02 	 14 	 97.56 		 97.66 		 NaN 	 97.56 		 sym12
828 	 01 	 08 	 15 	 96.88 		 97.46 		 NaN 	 96.88 		 sym13
836 	 01 	 02 	 13 	 97.75 		 97.85 		 NaN 	 97.75 		 sym14
834 	 01 	 04 	 13 	 97.53 		 97.79 		 NaN 	 97.53 		 sym15
832 	 01 	 02 	 17 	 97.09 		 97.19 		 NaN 	 97.09 		 dmey
824 	 06 	 16 	 11 	 96.79 		 97.39 		 NaN 	 96.79 		 bior3.9
837 	 01 	 02 	 12 	 97.88 		 97.98 		 NaN 	 97.88 		 bior4.4
834 	 01 	 02 	 15 	 97.49 		 97.59 		 NaN 	 97.49 		 bior5.5

Mejor SE: 98.394626 - db31
Mejor SP: 98.495636 - db31
Mejor PE: 0.095586 - db16
Mejor AC: 98.394626 - db31


Total de Wavelets analizadas: 64
Total de señales analizadas: 11
Total de picos: 851
Time elapsed: 24.833873


Pedro Zenone - pedro.zenone@gmail.com
Nicolás Linale - nicolaslinale@gmail.com
