TP 	 FP 	 FN 	   Se 	 Sp 	 Pe 	 Ondita Madre
725 	 07 	 36 	 96.39 	 98.99 	 NaN 	 db1
701 	 05 	 60 	 94.19 	 99.24 	 NaN 	 db2
720 	 02 	 41 	 95.41 	 99.68 	 NaN 	 db3
741 	 05 	 20 	 98.15 	 99.31 	 NaN 	 db4
744 	 04 	 17 	 98.34 	 99.39 	 NaN 	 db5
751 	 02 	 10 	 98.98 	 99.69 	 NaN 	 db6
758 	 02 	 03 	 99.60 	 99.69 	 NaN 	 db7
747 	 02 	 14 	 98.61 	 99.69 	 NaN 	 db8
750 	 02 	 11 	 98.76 	 99.69 	 NaN 	 db9
758 	 02 	 03 	 99.72 	 99.81 	 NaN 	 db10
757 	 02 	 04 	 99.51 	 99.69 	 NaN 	 db11
757 	 02 	 04 	 99.51 	 99.69 	 NaN 	 db12
755 	 02 	 06 	 99.33 	 99.69 	 NaN 	 db13
759 	 02 	 02 	 99.69 	 99.69 	 0.25 	 db14
750 	 02 	 11 	 98.89 	 99.69 	 NaN 	 db15
749 	 02 	 12 	 98.80 	 99.69 	 NaN 	 db16
755 	 02 	 06 	 99.33 	 99.69 	 NaN 	 db17
756 	 02 	 05 	 99.42 	 99.69 	 NaN 	 db18
746 	 02 	 15 	 98.54 	 99.69 	 NaN 	 db19
747 	 02 	 14 	 98.63 	 99.69 	 NaN 	 db20
759 	 02 	 02 	 99.69 	 99.69 	 0.25 	 db21
752 	 02 	 09 	 99.07 	 99.69 	 NaN 	 db22
751 	 02 	 10 	 98.98 	 99.69 	 NaN 	 db23
755 	 02 	 06 	 99.33 	 99.69 	 NaN 	 db24
759 	 02 	 02 	 99.69 	 99.69 	 0.25 	 db25
751 	 02 	 10 	 98.98 	 99.69 	 NaN 	 db26
745 	 02 	 16 	 98.45 	 99.69 	 NaN 	 db27
759 	 02 	 02 	 99.69 	 99.69 	 0.13 	 db28
747 	 02 	 14 	 98.63 	 99.69 	 NaN 	 db29
749 	 02 	 12 	 98.80 	 99.69 	 NaN 	 db30
754 	 02 	 07 	 99.25 	 99.69 	 NaN 	 db31
758 	 02 	 03 	 99.60 	 99.69 	 NaN 	 db32
746 	 02 	 15 	 98.54 	 99.69 	 NaN 	 db33
750 	 02 	 11 	 98.89 	 99.69 	 NaN 	 db34
757 	 02 	 04 	 99.51 	 99.69 	 NaN 	 db35
751 	 02 	 10 	 98.98 	 99.69 	 NaN 	 db36
747 	 02 	 14 	 98.63 	 99.69 	 NaN 	 db37
752 	 02 	 09 	 99.07 	 99.69 	 NaN 	 db38
757 	 02 	 04 	 99.51 	 99.69 	 NaN 	 db39
748 	 02 	 13 	 98.71 	 99.69 	 NaN 	 db40
746 	 02 	 15 	 98.54 	 99.69 	 NaN 	 db41
756 	 02 	 05 	 99.42 	 99.69 	 NaN 	 db42
758 	 02 	 03 	 99.60 	 99.69 	 NaN 	 db43
752 	 02 	 09 	 99.07 	 99.69 	 NaN 	 db44
748 	 02 	 13 	 98.71 	 99.69 	 NaN 	 db45
725 	 07 	 36 	 96.39 	 98.99 	 NaN 	 haar
687 	 03 	 74 	 92.46 	 99.54 	 NaN 	 coif1
746 	 01 	 15 	 98.61 	 99.89 	 NaN 	 coif2
759 	 02 	 02 	 99.69 	 99.69 	 0.25 	 coif3
756 	 02 	 05 	 99.41 	 99.69 	 NaN 	 coif4
750 	 02 	 11 	 98.89 	 99.69 	 NaN 	 coif5
732 	 02 	 29 	 97.07 	 99.69 	 NaN 	 sym4
749 	 05 	 12 	 98.75 	 99.25 	 NaN 	 sym5
754 	 02 	 07 	 99.25 	 99.69 	 NaN 	 sym6
752 	 02 	 09 	 99.07 	 99.69 	 NaN 	 sym7
759 	 01 	 02 	 99.81 	 99.90 	 NaN 	 sym8
751 	 02 	 10 	 98.98 	 99.69 	 NaN 	 sym9
760 	 01 	 01 	 99.90 	 99.90 	 0.12 	 sym10
744 	 02 	 17 	 98.34 	 99.69 	 NaN 	 sym11
758 	 02 	 03 	 99.60 	 99.69 	 NaN 	 sym12
755 	 02 	 06 	 99.33 	 99.69 	 NaN 	 sym13
759 	 02 	 02 	 99.69 	 99.69 	 0.13 	 sym14
753 	 02 	 08 	 99.16 	 99.69 	 NaN 	 sym15
750 	 02 	 11 	 98.89 	 99.69 	 NaN 	 dmey
742 	 06 	 19 	 98.17 	 99.10 	 NaN 	 bior3.9
744 	 02 	 17 	 98.34 	 99.69 	 NaN 	 bior4.4
748 	 02 	 13 	 98.71 	 99.69 	 NaN 	 bior5.5

Mejor SE: sym10 - 99.895833
Mejor SP: sym8 - 99.895833
Mejor PE: sym10 - 0.121879

Total de Wavelets analizadas: 67
Total de señales analizadas: 10
Total de picos: 761
Time elapsed: 61.993705


Pedro Zenone - pedro.zenone@gmail.com
Nicolás Linale - nicolaslinale@gmail.com
